step,agent_id,agent_type,total_reward,cumulative_reward,system_reward,neg_total_cost,penalty,w1_system,user_cost,neg_w2_cost,w_sys_part,assoc_reward_avg,boundary_pen,collision_pen,uav_individual,w_ind_part
0,0,user,-1.2808438102858397,-1.2808438102858397,-0.7953338514238713,,,-0.3181335405695485,1.6045171161938188,-0.9627102697162913,,,,,,
0,1,user,-0.8224444598353553,-0.8224444598353553,-0.7953338514238713,,,-0.3181335405695485,0.8405181987763447,-0.5043109192658068,,,,,,
0,2,user,-0.7398325253176585,-0.7398325253176585,-0.7953338514238713,,,-0.3181335405695485,0.70283164124685,-0.42169898474811,,,,,,
0,3,user,-0.551349717486651,-0.551349717486651,-0.7953338514238713,,,-0.3181335405695485,0.3886936281951707,-0.23321617691710242,,,,,,
0,4,user,-1.1071607761877675,-1.1071607761877675,-0.7953338514238713,,,-0.3181335405695485,1.3150453926970316,-0.789027235618219,,,,,,
0,5,user,-1.1208732678972528,-1.1208732678972528,-0.7953338514238713,,,-0.3181335405695485,1.337899545546174,-0.8027397273277044,,,,,,
0,6,user,-0.6729247846486359,-0.6729247846486359,-0.7953338514238713,,,-0.3181335405695485,0.5913187401318124,-0.3547912440790874,,,,,,
0,7,user,-0.8202390475003245,-0.8202390475003245,-0.7953338514238713,,,-0.3181335405695485,0.8368425115512935,-0.502105506930776,,,,,,
0,8,user,-1.0077392432067267,-1.0077392432067267,-0.7953338514238713,,,-0.3181335405695485,1.1493428377286303,-0.6896057026371781,,,,,,
0,9,user,-0.6303266625264368,-0.6303266625264368,-0.7953338514238713,,,-0.3181335405695485,0.520321869928147,-0.3121931219568882,,,,,,
0,10,uav,0.5199528647557307,0.5199528647557307,-0.7953338514238713,,,,,,-0.23860015542716137,,0.0,0.0,1.083647171689846,0.7585530201828921
0,11,uav,0.5924989100554502,0.5924989100554502,-0.7953338514238713,,,,,,-0.23860015542716137,,0.0,0.0,1.1872843792608738,0.8310990654826116
0,12,uav,0.4937084306734355,0.4937084306734355,-0.7953338514238713,,,,,,-0.23860015542716137,,0.0,0.0,1.0461551230008528,0.7323085861005969
1,0,user,-0.48962199685788715,-1.770465807143727,-0.19956138544169558,,,-0.07982455417667823,0.682995737802015,-0.40979744268120893,,,,,,
1,1,user,-0.2858798286792445,-1.1083242885145999,-0.19956138544169558,,,-0.07982455417667823,0.3434254575042771,-0.20605527450256625,,,,,,
1,2,user,-0.5028196546797253,-1.2426521799973838,-0.19956138544169558,,,-0.07982455417667823,0.7049918341717452,-0.42299510050304706,,,,,,
1,3,user,-0.2498879778068494,-0.8012376952935003,-0.19956138544169558,,,-0.07982455417667823,0.28343903938361864,-0.17006342363017118,,,,,,
1,4,user,-0.3509234378702732,-1.4580842140580408,-0.19956138544169558,,,-0.07982455417667823,0.4518314728226583,-0.27109888369359497,,,,,,
1,5,user,-0.9305345082126643,-2.051407776109917,-0.19956138544169558,,,-0.07982455417667823,1.4178499233933102,-0.850709954035986,,,,,,
1,6,user,-0.5139233224232295,-1.1868481070718655,-0.19956138544169558,,,-0.07982455417667823,0.7234979470775854,-0.43409876824655125,,,,,,
1,7,user,-0.2810691593905036,-1.101308206890828,-0.19956138544169558,,,-0.07982455417667823,0.33540767535637556,-0.20124460521382534,,,,,,
1,8,user,-0.4802002730103285,-1.4879395162170552,-0.19956138544169558,,,-0.07982455417667823,0.6672928647227505,-0.4003757188336503,,,,,,
1,9,user,-0.612621327727414,-1.2429479902538507,-0.19956138544169558,,,-0.07982455417667823,0.8879946225845596,-0.5327967735507357,,,,,,
1,10,uav,0.7270808491177236,1.2470337138734542,-0.19956138544169558,,,,,,-0.05986841563250867,,0.0,0.0,1.1242132353574747,0.7869492647502323
1,11,uav,0.7303449709317004,1.3228438809871506,-0.19956138544169558,,,,,,-0.05986841563250867,,0.0,0.0,1.1288762665202987,0.790213386564209
1,12,uav,0.6925097667485769,1.1862181974220123,-0.19956138544169558,,,,,,-0.05986841563250867,,0.0,0.0,1.0748259748301223,0.7523781823810856
2,0,user,-0.8618759240747434,-2.6323417312184705,-0.1796072870960625,,,-0.071842914838425,1.3167216820605308,-0.7900330092363185,,,,,,
2,1,user,-0.4761381366007469,-1.5844624251153467,-0.1796072870960625,,,-0.071842914838425,0.6738253696038699,-0.4042952217623219,,,,,,
2,2,user,-0.6203978810322219,-1.8630500610296057,-0.1796072870960625,,,-0.071842914838425,0.9142582769896617,-0.548554966193797,,,,,,
2,3,user,-0.3432073747361879,-1.1444450700296882,-0.1796072870960625,,,-0.071842914838425,0.4522740998296049,-0.2713644598977629,,,,,,
2,4,user,-0.48949719416409143,-1.947581408222132,-0.1796072870960625,,,-0.071842914838425,0.6960904655427773,-0.4176542793256664,,,,,,
2,5,user,-0.5076216069485731,-2.55902938305849,-0.1796072870960625,,,-0.071842914838425,0.7262978201835801,-0.4357786921101481,,,,,,
2,6,user,-0.4185206699092979,-1.6053687769811633,-0.1796072870960625,,,-0.071842914838425,0.5777962584514549,-0.3466777550708729,,,,,,
2,7,user,-0.3892047306983636,-1.4905129375891915,-0.1796072870960625,,,-0.071842914838425,0.5289363597665643,-0.31736181585993856,,,,,,
2,8,user,-0.38791325808948607,-1.8758527743065412,-0.1796072870960625,,,-0.071842914838425,0.5267839054184351,-0.31607034325106104,,,,,,
2,9,user,-0.5720576248181808,-1.8150056150720315,-0.1796072870960625,,,-0.071842914838425,0.8336911832995931,-0.5002147099797558,,,,,,
2,10,uav,0.6919078689101029,1.9389415827835572,-0.1796072870960625,,,,,,-0.053882186128818746,,0.0,0.0,1.0654143643413168,0.7457900550389217
2,11,uav,0.7561071293266186,2.0789510103137694,-0.1796072870960625,,,,,,-0.053882186128818746,,0.0,0.0,1.1571275935077678,0.8099893154554374
2,12,uav,0.7907618350854912,1.9769800325075035,-0.1796072870960625,,,,,,-0.053882186128818746,,0.0,0.0,1.206634316020443,0.84464402121431
3,0,user,-0.6257808529787711,-3.2581225841972414,-0.3982008154047873,,,-0.15928032616191493,0.7775008780280935,-0.4665005268168561,,,,,,
3,1,user,-0.6264251012236963,-2.210887526339043,-0.3982008154047873,,,-0.15928032616191493,0.778574625102969,-0.4671447750617814,,,,,,
3,2,user,-0.49852491763876194,-2.3615749786683677,-0.3982008154047873,,,-0.15928032616191493,0.5654076524614117,-0.339244591476847,,,,,,
3,3,user,-0.3235145037184939,-1.467959573748182,-0.3982008154047873,,,-0.15928032616191493,0.273723629260965,-0.164234177556579,,,,,,
3,4,user,-0.3845932448726005,-2.3321746530947327,-0.3982008154047873,,,-0.15928032616191493,0.375521531184476,-0.2253129187106856,,,,,,
3,5,user,-0.42421690839023163,-2.9832462914487214,-0.3982008154047873,,,-0.15928032616191493,0.4415609703805279,-0.26493658222831673,,,,,,
3,6,user,-0.8791965106452525,-2.484565287626416,-0.3982008154047873,,,-0.15928032616191493,1.1998603074722294,-0.7199161844833376,,,,,,
3,7,user,-1.0750996908011101,-2.5656126283903014,-0.3982008154047873,,,-0.15928032616191493,1.526365607731992,-0.9158193646391952,,,,,,
3,8,user,-0.5050033809616774,-2.3808561552682184,-0.3982008154047873,,,-0.15928032616191493,0.5762050913329375,-0.3457230547997625,,,,,,
3,9,user,-0.6843099929910906,-2.4993156080631223,-0.3982008154047873,,,-0.15928032616191493,0.875049444715293,-0.5250296668291757,,,,,,
3,10,uav,0.7210454177085392,2.6599870004920962,-0.3982008154047873,,,,,,-0.11946024462143619,,0.0,0.0,1.2007223747571079,0.8405056623299755
3,11,uav,0.706819385978927,2.7857703962926963,-0.3982008154047873,,,,,,-0.11946024462143619,,0.0,0.0,1.1803994722862332,0.8262796306003632
3,12,uav,0.7463461665426251,2.7233261990501285,-0.3982008154047873,,,,,,-0.11946024462143619,,0.0,0.0,1.2368663016629449,0.8658064111640613
4,0,user,-0.28210692386263936,-3.540229508059881,-0.17978736100633722,,,-0.07191494440253489,0.3503199657668408,-0.21019197946010448,,,,,,
4,1,user,-0.4134136663429091,-2.624301192681952,-0.17978736100633722,,,-0.07191494440253489,0.5691645365672904,-0.34149872194037423,,,,,,
4,2,user,-0.6475445045032479,-3.0091194831716157,-0.17978736100633722,,,-0.07191494440253489,0.959382600167855,-0.575629560100713,,,,,,
4,3,user,-0.22528986876742568,-1.6932494425156077,-0.17978736100633722,,,-0.07191494440253489,0.2556248739414847,-0.1533749243648908,,,,,,
4,4,user,-0.6433067380320288,-2.9754813911267615,-0.17978736100633722,,,-0.07191494440253489,0.9523196560491566,-0.5713917936294939,,,,,,
4,5,user,-0.4519519149572606,-3.435198206405982,-0.17978736100633722,,,-0.07191494440253489,0.6333949509245429,-0.38003697055472574,,,,,,
4,6,user,-0.4577924270186922,-2.9423577146451083,-0.17978736100633722,,,-0.07191494440253489,0.6431291376935956,-0.38587748261615734,,,,,,
4,7,user,-0.38098779624550255,-2.946600424635804,-0.17978736100633722,,,-0.07191494440253489,0.5151214197382795,-0.3090728518429677,,,,,,
4,8,user,-0.19282404282700685,-2.573680198095225,-0.17978736100633722,,,-0.07191494440253489,0.20151516404078662,-0.12090909842447196,,,,,,
4,9,user,-0.924263397311285,-3.4235790053744073,-0.17978736100633722,,,-0.07191494440253489,1.420580754847917,-0.8523484529087502,,,,,,
4,10,uav,0.7399657744178006,3.399952774909897,-0.17978736100633722,,,,,,-0.05393620830190116,,0.0,0.0,1.134145689599574,0.7939019827197018
4,11,uav,0.8380907462306251,3.6238611425233214,-0.17978736100633722,,,,,,-0.05393620830190116,,0.0,0.0,1.274324220760752,0.8920269545325262
4,12,uav,0.8325987311718909,3.5559249302220195,-0.17978736100633722,,,,,,-0.05393620830190116,,0.0,0.0,1.26647848496256,0.886534939473792
5,0,user,-1.2423571341750792,-4.7825866422349606,-0.5954750444601156,,,-0.23819001778404625,1.6736118606517216,-1.0041671163910328,,,,,,
5,1,user,-0.6345602489229882,-3.2588614416049406,-0.5954750444601156,,,-0.23819001778404625,0.6606170518982366,-0.39637023113894193,,,,,,
5,2,user,-0.5077239684320212,-3.516843451603637,-0.5954750444601156,,,-0.23819001778404625,0.4492232510799581,-0.26953395064797486,,,,,,
5,3,user,-0.9528802055417814,-2.6461296480573893,-0.5954750444601156,,,-0.23819001778404625,1.1911503129295586,-0.7146901877577352,,,,,,
5,4,user,-0.733229514634067,-3.7087109057608285,-0.5954750444601156,,,-0.23819001778404625,0.8250658280833681,-0.49503949685002085,,,,,,
5,5,user,-0.7798537365233498,-4.215051942929332,-0.5954750444601156,,,-0.23819001778404625,0.902772864565506,-0.5416637187393035,,,,,,
5,6,user,-0.3999260764819518,-3.34228379112706,-0.5954750444601156,,,-0.23819001778404625,0.2695600978298425,-0.1617360586979055,,,,,,
5,7,user,-0.9468681455411405,-3.8934685701769443,-0.5954750444601156,,,-0.23819001778404625,1.1811302129284904,-0.7086781277570943,,,,,,
5,8,user,-0.6738215955484865,-3.2475017936437114,-0.5954750444601156,,,-0.23819001778404625,0.7260526296074006,-0.43563157776444034,,,,,,
5,9,user,-0.4467225743666291,-3.8703015797410365,-0.5954750444601156,,,-0.23819001778404625,0.34755426097097136,-0.20853255658258282,,,,,,
5,10,uav,0.6952260782774269,4.095178853187324,-0.5954750444601156,,,,,,-0.17864251333803466,,0.0,0.0,1.2483837023078022,0.8738685916154615
5,11,uav,0.727269727664901,4.351130870188222,-0.5954750444601156,,,,,,-0.17864251333803466,,0.0,0.0,1.2941603442899081,0.9059122410029357
5,12,uav,0.7321983392699041,4.288123269491924,-0.5954750444601156,,,,,,-0.17864251333803466,,0.0,0.0,1.3012012180113413,0.9108408526079388
6,0,user,-0.8590154720408,-5.64160211427576,-0.5996820111378409,,,-0.23987280445513637,1.031904445976106,-0.6191426675856636,,,,,,
6,1,user,-0.9584388312189158,-4.217300272823857,-0.5996820111378409,,,-0.23987280445513637,1.1976100446062992,-0.7185660267637795,,,,,,
6,2,user,-0.6053428098040473,-4.122186261407684,-0.5996820111378409,,,-0.23987280445513637,0.6091166755815183,-0.36547000534891094,,,,,,
6,3,user,-0.3629842816252111,-3.0091139296826004,-0.5996820111378409,,,-0.23987280445513637,0.20518579528345798,-0.12311147717007478,,,,,,
6,4,user,-0.8361931359030935,-4.544904041663922,-0.5996820111378409,,,-0.23987280445513637,0.9938672190799287,-0.5963203314479572,,,,,,
6,5,user,-0.7076144116758335,-4.922666354605165,-0.5996820111378409,,,-0.23987280445513637,0.7795693453678286,-0.46774160722069713,,,,,,
6,6,user,-0.8872210570105352,-4.229504848137595,-0.5996820111378409,,,-0.23987280445513637,1.0789137542589982,-0.6473482525553989,,,,,,
6,7,user,-0.8068054067670867,-4.700273976944031,-0.5996820111378409,,,-0.23987280445513637,0.9448876705199172,-0.5669326023119503,,,,,,
6,8,user,-0.7506716399135178,-3.998173433557229,-0.5996820111378409,,,-0.23987280445513637,0.8513313924306358,-0.5107988354583815,,,,,,
6,9,user,-1.083155428261185,-4.953457008002221,-0.5996820111378409,,,-0.23987280445513637,1.4054710396767478,-0.8432826238060487,,,,,,
6,10,uav,0.6369365038758407,4.732115357063165,-0.5996820111378409,,,,,,-0.17990460334135228,,0.0,0.0,1.1669158674531328,0.8168411072171929
6,11,uav,0.6606739454980355,5.011804815686258,-0.5996820111378409,,,,,,-0.17990460334135228,,0.0,0.0,1.2008264983419825,0.8405785488393878
6,12,uav,0.7547944407712538,5.042917710263177,-0.5996820111378409,,,,,,-0.17990460334135228,,0.0,0.0,1.3352843487322945,0.9346990441126061
7,0,user,-1.1965948863245066,-6.838197000600267,-0.7998563858286816,,,-0.3199425543314727,1.46108721998839,-0.8766523319930339,,,,,,
7,1,user,-1.0022753923758763,-5.2195756651997325,-0.7998563858286816,,,-0.3199425543314727,1.1372213967406728,-0.6823328380444037,,,,,,
7,2,user,-0.6759412635054132,-4.798127524913097,-0.7998563858286816,,,-0.3199425543314727,0.5933311819565674,-0.35599870917394044,,,,,,
7,3,user,-0.9735793641112525,-3.9826932937938526,-0.7998563858286816,,,-0.3199425543314727,1.0893946829662997,-0.6536368097797798,,,,,,
7,4,user,-0.774546518454893,-5.319450560118815,-0.7998563858286816,,,-0.3199425543314727,0.7576732735390338,-0.45460396412342025,,,,,,
7,5,user,-0.4717074978948744,-5.394373852500039,-0.7998563858286816,,,-0.3199425543314727,0.2529415726056695,-0.1517649435634017,,,,,,
7,6,user,-0.7324894822661032,-4.961994330403698,-0.7998563858286816,,,-0.3199425543314727,0.6875782132243842,-0.4125469279346305,,,,,,
7,7,user,-1.298746490300899,-5.99902046724493,-0.7998563858286816,,,-0.3199425543314727,1.631339893282377,-0.9788039359694262,,,,,,
7,8,user,-0.6734157972079207,-4.67158923076515,-0.7998563858286816,,,-0.3199425543314727,0.5891220714607467,-0.353473242876448,,,,,,
7,9,user,-0.9382660504642822,-5.8917230584665035,-0.7998563858286816,,,-0.3199425543314727,1.0305391602213494,-0.6183234961328096,,,,,,
7,10,uav,0.6691883235496253,5.4013036806127905,-0.7998563858286816,,,,,,-0.23995691574860445,,0.0,0.0,1.2987789132831855,0.9091452392982298
7,11,uav,0.6132550558733821,5.62505987155964,-0.7998563858286816,,,,,,-0.23995691574860445,,0.0,0.0,1.2188742451742667,0.8532119716219866
7,12,uav,0.6536146511430793,5.696532361406256,-0.7998563858286816,,,,,,-0.23995691574860445,,0.0,0.0,1.2765308098452626,0.8935715668916837
8,0,user,-0.579795365778904,-7.4179923663791705,-0.21713570631585574,,,-0.08685428252634231,0.8215684720876029,-0.4929410832525617,,,,,,
8,1,user,-0.6526962470361906,-5.872271912235923,-0.21713570631585574,,,-0.08685428252634231,0.9430699408497472,-0.5658419645098482,,,,,,
8,2,user,-0.43831659269445516,-5.236444117607552,-0.21713570631585574,,,-0.08685428252634231,0.5857705169468548,-0.35146231016811286,,,,,,
8,3,user,-0.642812420520844,-4.625505714314697,-0.21713570631585574,,,-0.08685428252634231,0.9265968966575029,-0.5559581379945017,,,,,,
8,4,user,-0.792098354718313,-6.111548914837128,-0.21713570631585574,,,-0.08685428252634231,1.1754067869866178,-0.7052440721919707,,,,,,
8,5,user,-0.3863708706579169,-5.780744723157956,-0.21713570631585574,,,-0.08685428252634231,0.49919431355262434,-0.2995165881315746,,,,,,
8,6,user,-0.5440320612750782,-5.506026391678776,-0.21713570631585574,,,-0.08685428252634231,0.7619629645812265,-0.4571777787487359,,,,,,
8,7,user,-0.3125507885606896,-6.311571255805619,-0.21713570631585574,,,-0.08685428252634231,0.3761608433905788,-0.22569650603434727,,,,,,
8,8,user,-0.6125528791235249,-5.284142109888675,-0.21713570631585574,,,-0.08685428252634231,0.8761643276619709,-0.5256985965971825,,,,,,
8,9,user,-0.5741381817574653,-6.465861240223969,-0.21713570631585574,,,-0.08685428252634231,0.8121398320518717,-0.487283899231123,,,,,,
8,10,uav,0.8609519610384415,6.262255641651232,-0.21713570631585574,,,,,,-0.06514071189475672,,0.0,0.0,1.3229895327617118,0.9260926729331982
8,11,uav,0.8141110992417329,6.4391709708013725,-0.21713570631585574,,,,,,-0.06514071189475672,,0.0,0.0,1.256074015909271,0.8792518111364895
8,12,uav,0.9225521766117957,6.619084538018052,-0.21713570631585574,,,,,,-0.06514071189475672,,0.0,0.0,1.4109898407236463,0.9876928885065523
9,0,user,-0.5073430009973574,-7.925335367376528,-0.4,,,-0.16000000000000003,0.5789050016622622,-0.3473430009973573,,,,,,
9,1,user,-0.6386901177796764,-6.510962030015599,-0.4,,,-0.16000000000000003,0.7978168629661274,-0.4786901177796764,,,,,,
9,2,user,-0.3535090200891735,-5.5899531376967255,-0.4,,,-0.16000000000000003,0.32251503348195576,-0.19350902008917345,,,,,,
9,3,user,-0.34339366229250834,-4.968899376607205,-0.4,,,-0.16000000000000003,0.3056561038208471,-0.18339366229250828,,,,,,
9,4,user,-0.6696058073398129,-6.78115472217694,-0.4,,,-0.16000000000000003,0.8493430122330216,-0.5096058073398129,,,,,,
9,5,user,-0.8557431312119727,-6.636487854369928,-0.4,,,-0.16000000000000003,1.1595718853532877,-0.6957431312119726,,,,,,
9,6,user,-0.754907185211175,-6.260933576889951,-0.4,,,-0.16000000000000003,0.9915119753519582,-0.5949071852111749,,,,,,
9,7,user,-0.8371146809824477,-7.148685936788067,-0.4,,,-0.16000000000000003,1.1285244683040794,-0.6771146809824476,,,,,,
9,8,user,-0.36114260526043973,-5.645284715149115,-0.4,,,-0.16000000000000003,0.33523767543406613,-0.20114260526043967,,,,,,
9,9,user,-0.733096570166743,-7.198957810390712,-0.4,,,-0.16000000000000003,0.955160950277905,-0.573096570166743,,,,,,
9,10,uav,0.7518126383768453,7.014068280028077,-0.4,,,,,,-0.12,,0.0,0.0,1.2454466262526362,0.8718126383768453
9,11,uav,0.7746216273121214,7.213792598113494,-0.4,,,,,,-0.12,,0.0,0.0,1.2780308961601734,0.8946216273121214
9,12,uav,0.8104876341951489,7.429572172213201,-0.4,,,,,,-0.12,,0.0,0.0,1.3292680488502129,0.9304876341951489
10,0,user,-1.3721718209978235,-9.297507188374352,-0.8,,,-0.32000000000000006,1.753619701663039,-1.0521718209978235,,,,,,
10,1,user,-0.834758979967111,-7.34572100998271,-0.8,,,-0.32000000000000006,0.8579316332785183,-0.514758979967111,,,,,,
10,2,user,-1.157618627408393,-6.747571765105119,-0.8,,,-0.32000000000000006,1.3960310456806553,-0.8376186274083931,,,,,,
10,3,user,-1.1755893490760907,-6.144488725683296,-0.8,,,-0.32000000000000006,1.425982248460151,-0.8555893490760905,,,,,,
10,4,user,-1.0097995017940593,-7.790954223970999,-0.8,,,-0.32000000000000006,1.1496658363234322,-0.6897995017940594,,,,,,
10,5,user,-0.5706941092791675,-7.207181963649096,-0.8,,,-0.32000000000000006,0.41782351546527924,-0.2506941092791675,,,,,,
10,6,user,-0.8341212827207891,-7.095054859610739,-0.8,,,-0.32000000000000006,0.8568688045346484,-0.514121282720789,,,,,,
10,7,user,-0.5747941627702118,-7.723480099558278,-0.8,,,-0.32000000000000006,0.42465693795035275,-0.25479416277021166,,,,,,
10,8,user,-0.6199429588639245,-6.2652276740130395,-0.8,,,-0.32000000000000006,0.4999049314398741,-0.2999429588639244,,,,,,
10,9,user,-0.8775985732518367,-8.076556383642549,-0.8,,,-0.32000000000000006,0.9293309554197278,-0.5575985732518366,,,,,,
10,10,uav,0.6376934928201574,7.651761772848235,-0.8,,,,,,-0.24,,0.0,0.0,1.2538478468859393,0.8776934928201574
10,11,uav,0.681170125795546,7.89496272390904,-0.8,,,,,,-0.24,,0.0,0.0,1.3159573225650658,0.921170125795546
10,12,uav,0.7173030797783583,8.14687525199156,-0.8,,,,,,-0.24,,0.0,0.0,1.3675758282547976,0.9573030797783583
11,0,user,-0.5468940921981583,-9.84440128057251,-0.3875010957734063,,,-0.15500043830936253,0.6531560898146597,-0.39189365388879577,,,,,,
11,1,user,-0.42754403177455114,-7.773265041757261,-0.3875010957734063,,,-0.15500043830936253,0.45423932244198095,-0.2725435934651886,,,,,,
11,2,user,-0.7623677118727961,-7.509939476977914,-0.3875010957734063,,,-0.15500043830936253,1.0122787892723892,-0.6073672735634336,,,,,,
11,3,user,-0.48405671361548164,-6.628545439298778,-0.3875010957734063,,,-0.15500043830936253,0.5484271255101986,-0.32905627530611914,,,,,,
11,4,user,-0.3986120880165963,-8.189566311987596,-0.3875010957734063,,,-0.15500043830936253,0.406019416178723,-0.24361164970723378,,,,,,
11,5,user,-1.0488082380060333,-8.255990201655129,-0.3875010957734063,,,-0.15500043830936253,1.489679666161118,-0.8938077996966708,,,,,,
11,6,user,-0.9409855502249089,-8.036040409835648,-0.3875010957734063,,,-0.15500043830936253,1.3099751865259108,-0.7859851119155464,,,,,,
11,7,user,-0.531216900975086,-8.254697000533364,-0.3875010957734063,,,-0.15500043830936253,0.6270274377762057,-0.37621646266572345,,,,,,
11,8,user,-0.7102264466973438,-6.975454120710383,-0.3875010957734063,,,-0.15500043830936253,0.9253766806466355,-0.5552260083879813,,,,,,
11,9,user,-0.711833926102638,-8.788390309745187,-0.3875010957734063,,,-0.15500043830936253,0.9280558129887925,-0.5568334877932755,,,,,,
11,10,uav,0.9231686618829072,8.574930434731142,-0.3875010957734063,,,,,,-0.11625032873202189,,0.0,0.0,1.4848842723070417,1.0394189906149292
11,11,uav,0.934162662651533,8.829125386560573,-0.3875010957734063,,,,,,-0.11625032873202189,,0.0,0.0,1.5005899876907929,1.050412991383555
11,12,uav,0.9379179503935878,9.084793202385148,-0.3875010957734063,,,,,,-0.11625032873202189,,0.0,0.0,1.505954684465157,1.0541682791256097
12,0,user,-0.7096733463562478,-10.554074626928758,-0.7752880549238953,,,-0.31011522196955815,0.6659302073111494,-0.39955812438668964,,,,,,
12,1,user,-1.0758293525948897,-8.84909439435215,-0.7752880549238953,,,-0.31011522196955815,1.276190217708886,-0.7657141306253316,,,,,,
12,2,user,-0.6881419180567364,-8.19808139503465,-0.7752880549238953,,,-0.31011522196955815,0.6300444934786305,-0.37802669608717826,,,,,,
12,3,user,-0.7761431695086936,-7.404688608807471,-0.7752880549238953,,,-0.31011522196955815,0.7767132458985591,-0.4660279475391354,,,,,,
12,4,user,-1.0672530320861813,-9.256819344073778,-0.7752880549238953,,,-0.31011522196955815,1.2618963501943719,-0.7571378101166231,,,,,,
12,5,user,-0.9609281551724991,-9.216918356827629,-0.7752880549238953,,,-0.31011522196955815,1.0846882220049014,-0.6508129332029409,,,,,,
12,6,user,-0.828073342548133,-8.864113752383782,-0.7752880549238953,,,-0.31011522196955815,0.8632635342976249,-0.5179581205785749,,,,,,
12,7,user,-0.7291248546743929,-8.983821855207756,-0.7752880549238953,,,-0.31011522196955815,0.6983493878413913,-0.41900963270483477,,,,,,
12,8,user,-1.0328759290322682,-8.008330049742652,-0.7752880549238953,,,-0.31011522196955815,1.20460117843785,-0.72276070706271,,,,,,
12,9,user,-0.7817034346884757,-9.570093744433663,-0.7752880549238953,,,-0.31011522196955815,0.7859803545315291,-0.4715882127189175,,,,,,
12,10,uav,0.7552284015743157,9.330158836305458,-0.7752880549238953,,,,,,-0.23258641647716857,,0.0,0.0,1.4111640257878348,0.9878148180514843
12,11,uav,0.8308692547714011,9.659994641331973,-0.7752880549238953,,,,,,-0.23258641647716857,,0.0,0.0,1.5192223874979567,1.0634556712485697
12,12,uav,0.8451661544913392,9.929959356876488,-0.7752880549238953,,,,,,-0.23258641647716857,,0.0,0.0,1.5396465299550113,1.0777525709685079
13,0,user,-0.9153719022107909,-11.46944652913955,-0.3875522797006828,,,-0.15502091188027312,1.267251650550863,-0.7603509903305178,,,,,,
13,1,user,-0.7222963467568734,-9.571390741109024,-0.3875522797006828,,,-0.15502091188027312,0.9454590581276672,-0.5672754348766003,,,,,,
13,2,user,-0.68532391279354,-8.883405307828191,-0.3875522797006828,,,-0.15502091188027312,0.8838383348554448,-0.5303030009132669,,,,,,
13,3,user,-0.6311493858394382,-8.03583799464691,-0.3875522797006828,,,-0.15502091188027312,0.7935474565986086,-0.47612847395916513,,,,,,
13,4,user,-0.5521788317911824,-9.80899817586496,-0.3875522797006828,,,-0.15502091188027312,0.6619298665181823,-0.3971579199109094,,,,,,
13,5,user,-0.49844226212982856,-9.715360618957456,-0.3875522797006828,,,-0.15502091188027312,0.5723689170825924,-0.34342135024955545,,,,,,
13,6,user,-0.4128421682711923,-9.276955920654974,-0.3875522797006828,,,-0.15502091188027312,0.4297020939848653,-0.2578212563909192,,,,,,
13,7,user,-0.7012862892380044,-9.68510814444576,-0.3875522797006828,,,-0.15502091188027312,0.9104422955962189,-0.5462653773577313,,,,,,
13,8,user,-0.9752150229077323,-8.983545072650385,-0.3875522797006828,,,-0.15502091188027312,1.3669901850457653,-0.8201941110274592,,,,,,
13,9,user,-0.8711729255276719,-10.441266669961335,-0.3875522797006828,,,-0.15502091188027312,1.1935866894123313,-0.7161520136473988,,,,,,
13,10,uav,0.8996468808546133,10.22980571716007,-0.3875522797006828,,,,,,-0.11626568391020484,,0.0,0.0,1.4513036639497403,1.0159125647648182
13,11,uav,0.9635333447653881,10.623527986097361,-0.3875522797006828,,,,,,-0.11626568391020484,,0.0,0.0,1.542570040965133,1.079799028675593
13,12,uav,0.9793134975116385,10.909272854388126,-0.3875522797006828,,,,,,-0.11626568391020484,,0.0,0.0,1.5651131163169194,1.0955791814218434
14,0,user,-0.9819977959010938,-12.451444325040644,-0.6941627375091166,,,-0.27766509500364667,1.1738878348290787,-0.7043327008974472,,,,,,
14,1,user,-0.726589221579601,-10.297979962688625,-0.6941627375091166,,,-0.27766509500364667,0.7482068776265908,-0.44892412657595443,,,,,,
14,2,user,-0.7263063172531707,-9.609711625081362,-0.6941627375091166,,,-0.27766509500364667,0.7477353704158735,-0.4486412222495241,,,,,,
14,3,user,-1.1618307529127683,-9.197668747559678,-0.6941627375091166,,,-0.27766509500364667,1.4736094298485358,-0.8841656579091215,,,,,,
14,4,user,-1.031115492265272,-10.840113668130233,-0.6941627375091166,,,-0.27766509500364667,1.255750662102709,-0.7534503972616254,,,,,,
14,5,user,-0.8144820644271594,-10.529842683384615,-0.6941627375091166,,,-0.27766509500364667,0.894694949039188,-0.5368169694235128,,,,,,
14,6,user,-1.053458732732124,-10.330414653387098,-0.6941627375091166,,,-0.27766509500364667,1.292989396214129,-0.7757936377284774,,,,,,
14,7,user,-0.3418312627784429,-10.026939407224203,-0.6941627375091166,,,-0.27766509500364667,0.10694361295799376,-0.06416616777479625,,,,,,
14,8,user,-0.5400608857917157,-9.5236059584421,-0.6941627375091166,,,-0.27766509500364667,0.4373263179801152,-0.26239579078806907,,,,,,
14,9,user,-0.5091483614159307,-10.950415031377265,-0.6941627375091166,,,-0.27766509500364667,0.3858054440204733,-0.23148326641228395,,,,,,
14,10,uav,0.7471321139593283,10.976937831119399,-0.6941627375091166,,,,,,-0.20824882125273497,,0.0,0.0,1.3648299074458048,0.9553809352120632
14,11,uav,0.896815218918189,11.52034320501555,-0.6941627375091166,,,,,,-0.20824882125273497,,0.0,0.0,1.5786629145298916,1.105064040170924
14,12,uav,1.2584054859515328,12.16767834033966,-0.6941627375091166,,,,,,-0.20824882125273497,,0.0,0.0,2.09522043886324,1.4666543072042677
15,0,user,-1.3774288650448459,-13.82887319008549,-0.7817894142244554,,,-0.31271576568978215,1.7745218322584397,-1.0647130993550638,,,,,,
15,1,user,-0.7903991897618308,-11.088379152450456,-0.7817894142244554,,,-0.31271576568978215,0.7961390401200812,-0.47768342407204867,,,,,,
15,2,user,-1.0293106166701373,-10.6390222417515,-0.7817894142244554,,,-0.31271576568978215,1.1943247516339255,-0.7165948509803552,,,,,,
15,3,user,-0.8517103316480796,-10.049379079207759,-0.7817894142244554,,,-0.31271576568978215,0.8983242765971625,-0.5389945659582975,,,,,,
15,4,user,-0.9727714235055964,-11.81288509163583,-0.7817894142244554,,,-0.31271576568978215,1.100092763026357,-0.6600556578158142,,,,,,
15,5,user,-0.8844581791972863,-11.414300862581902,-0.7817894142244554,,,-0.31271576568978215,0.9529040225125069,-0.5717424135075041,,,,,,
15,6,user,-0.48744654900356044,-10.81786120239066,-0.7817894142244554,,,-0.31271576568978215,0.2912179721896304,-0.17473078331377825,,,,,,
15,7,user,-0.7171102893980932,-10.744049696622296,-0.7817894142244554,,,-0.31271576568978215,0.6739908728471851,-0.404394523708311,,,,,,
15,8,user,-0.6735312835425542,-10.197137241984654,-0.7817894142244554,,,-0.31271576568978215,0.6013591964212867,-0.360815517852772,,,,,,
15,9,user,-1.108679846385894,-12.059094877763158,-0.7817894142244554,,,-0.31271576568978215,1.3266068011601866,-0.7959640806961119,,,,,,
15,10,uav,0.8939896554580721,11.87092748657747,-0.7817894142244554,,,,,,-0.2345368242673366,,0.0,0.0,1.6121806853220124,1.1285264797254086
15,11,uav,0.9940393285740866,12.514382533589636,-0.7817894142244554,,,,,,-0.2345368242673366,,0.0,0.0,1.7551087897734619,1.2285761528414232
15,12,uav,1.0941441775024754,13.261822517842134,-0.7817894142244554,,,,,,-0.2345368242673366,,0.0,0.0,1.8981157168140175,1.328681001769812
16,0,user,-0.6891506665786269,-14.518023856664117,-0.5975901156246217,,,-0.2390360462498487,0.750191033881297,-0.4501146203287782,,,,,,
16,1,user,-1.1236586222900522,-12.212037774740509,-0.5975901156246217,,,-0.2390360462498487,1.4743709600670059,-0.8846225760402034,,,,,,
16,2,user,-0.6722204876165576,-11.311242729368058,-0.5975901156246217,,,-0.2390360462498487,0.7219740689445149,-0.4331844413667089,,,,,,
16,3,user,-0.7019862444449239,-10.751365323652683,-0.5975901156246217,,,-0.2390360462498487,0.7715836636584588,-0.4629501981950752,,,,,,
16,4,user,-1.044591413103072,-12.857476504738901,-0.5975901156246217,,,-0.2390360462498487,1.3425922780887056,-0.8055553668532234,,,,,,
16,5,user,-0.6449432580032068,-12.05924412058511,-0.5975901156246217,,,-0.2390360462498487,0.6765120195889303,-0.40590721175335814,,,,,,
16,6,user,-0.6986055363493481,-11.516466738740007,-0.5975901156246217,,,-0.2390360462498487,0.7659491501658323,-0.4595694900994994,,,,,,
16,7,user,-0.9233741209677693,-11.667423817590066,-0.5975901156246217,,,-0.2390360462498487,1.140563457863201,-0.6843380747179205,,,,,,
16,8,user,-0.6241051261833788,-10.821242368168033,-0.5975901156246217,,,-0.2390360462498487,0.6417817998892167,-0.38506907993353,,,,,,
16,9,user,-0.732137875473996,-12.791232753237153,-0.5975901156246217,,,-0.2390360462498487,0.8218363820402457,-0.49310182922414736,,,,,,
16,10,uav,0.8992113972304067,12.770138883807876,-0.5975901156246217,,,,,,-0.1792770346873865,,0.0,0.0,1.540697759882562,1.0784884319177932
16,11,uav,1.1820645239157421,13.696447057505377,-0.5975901156246217,,,,,,-0.1792770346873865,,0.0,0.0,1.9447736551473265,1.3613415586031286
16,12,uav,1.2772087568813084,14.539031274723442,-0.5975901156246217,,,,,,-0.1792770346873865,,0.0,0.0,2.0806939879552786,1.4564857915686948
17,0,user,-0.36109002574012916,-14.879113882404246,0.040763499962375306,,,0.016305399984950123,0.6289923762084655,-0.3773954257250793,,,,,,
17,1,user,-0.2899563871167799,-12.501994161857288,0.040763499962375306,,,0.016305399984950123,0.5104363118362167,-0.30626178710173,,,,,,
17,2,user,-0.27896431668538735,-11.590207046053445,0.040763499962375306,,,0.016305399984950123,0.4921161944505625,-0.29526971667033747,,,,,,
17,3,user,-0.5279612316071842,-11.279326555259868,0.040763499962375306,,,0.016305399984950123,0.9071110526535574,-0.5442666315921344,,,,,,
17,4,user,-0.20277047231437784,-13.060246977053279,0.040763499962375306,,,0.016305399984950123,0.36512645383221326,-0.21907587229932796,,,,,,
17,5,user,-0.5703425044845767,-12.629586625069686,0.040763499962375306,,,0.016305399984950123,0.9777465074492115,-0.5866479044695269,,,,,,
17,6,user,-0.17872935900204465,-11.695196097742052,0.040763499962375306,,,0.016305399984950123,0.3250579316449913,-0.19503475898699477,,,,,,
17,7,user,-0.28712264867147874,-11.954546466261545,0.040763499962375306,,,0.016305399984950123,0.5057134144273815,-0.30342804865642886,,,,,,
17,8,user,-0.11534422213813125,-10.936586590306163,0.040763499962375306,,,0.016305399984950123,0.21941603687180228,-0.13164962212308137,,,,,,
17,9,user,-0.2935194726631515,-13.084752225900305,0.040763499962375306,,,0.016305399984950123,0.516374787746836,-0.3098248726481016,,,,,,
17,10,uav,1.109690636240414,13.87982952004829,0.040763499962375306,,,,,,0.012229049988712591,,0.0,0.0,1.5678022660738593,1.0974615862517014
17,11,uav,1.380541598623004,15.076988656128382,0.040763499962375306,,,,,,0.012229049988712591,,0.0,0.0,1.9547322123347024,1.3683125486342915
17,12,uav,1.738968361520449,16.27799963624389,0.040763499962375306,,,,,,0.012229049988712591,,0.0,0.0,2.466770445045338,1.7267393115317364
18,0,user,-1.2625917307383834,-16.14170561314263,-0.5979612949771529,,,-0.23918451799086116,1.705678687912537,-1.0234072127475222,,,,,,
18,1,user,-0.8469138983169134,-13.348908060174201,-0.5979612949771529,,,-0.23918451799086116,1.0128823005434204,-0.6077293803260523,,,,,,
18,2,user,-0.5756962812554975,-12.165903327308943,-0.5979612949771529,,,-0.23918451799086116,0.5608529387743939,-0.33651176326463633,,,,,,
18,3,user,-0.6848027212361238,-11.964129276495992,-0.5979612949771529,,,-0.23918451799086116,0.742697005408771,-0.44561820324526263,,,,,,
18,4,user,-0.847583882094146,-13.907830859147424,-0.5979612949771529,,,-0.23918451799086116,1.0139989401721414,-0.6083993641032849,,,,,,
18,5,user,-0.5831498662829513,-13.212736491352638,-0.5979612949771529,,,-0.23918451799086116,0.5732755804868169,-0.34396534829209013,,,,,,
18,6,user,-0.37910360195368364,-12.074299699695736,-0.5979612949771529,,,-0.23918451799086116,0.23319847327137078,-0.13991908396282246,,,,,,
18,7,user,-0.909853936604069,-12.864400402865614,-0.5979612949771529,,,-0.23918451799086116,1.1177823643553464,-0.6706694186132078,,,,,,
18,8,user,-1.1586732138275742,-12.095259804133738,-0.5979612949771529,,,-0.23918451799086116,1.532481159727855,-0.9194886958367129,,,,,,
18,9,user,-0.6205858268519002,-13.705338052752206,-0.5979612949771529,,,-0.23918451799086116,0.6356688481017317,-0.381401308861039,,,,,,
18,10,uav,1.0058192623067312,14.885648782355021,-0.5979612949771529,,,,,,-0.17938838849314587,,0.0,0.0,1.6931537868569673,1.185207650799877
18,11,uav,1.2693696472672902,16.34635830339567,-0.5979612949771529,,,,,,-0.17938838849314587,,0.0,0.0,2.0696543368006233,1.4487580357604362
18,12,uav,1.4609578893920414,17.738957525635932,-0.5979612949771529,,,,,,-0.17938838849314587,,0.0,0.0,2.3433518255502674,1.6403462778851872
19,0,user,-0.9150100052463288,-17.05671561838896,-0.39271618638283695,,,-0.1570864745531348,1.263205884488657,-0.7579235306931941,,,,,,
19,1,user,-0.5746974625780531,-13.923605522752254,-0.39271618638283695,,,-0.1570864745531348,0.6960183133748639,-0.4176109880249183,,,,,,
19,2,user,-0.7345075795723184,-12.90041090688126,-0.39271618638283695,,,-0.1570864745531348,0.9623685083653062,-0.5774211050191836,,,,,,
19,3,user,-0.848874436949828,-12.81300371344582,-0.39271618638283695,,,-0.1570864745531348,1.1529799373278222,-0.6917879623966933,,,,,,
19,4,user,-0.816472934392112,-14.724303793539535,-0.39271618638283695,,,-0.1570864745531348,1.0989774330649622,-0.6593864598389773,,,,,,
19,5,user,-0.7071677570969859,-13.919904248449624,-0.39271618638283695,,,-0.1570864745531348,0.9168021375730853,-0.5500812825438511,,,,,,
19,6,user,-0.6245224746425719,-12.698822174338307,-0.39271618638283695,,,-0.1570864745531348,0.7790600001490618,-0.4674360000894371,,,,,,
19,7,user,-0.45411364914622426,-13.318514052011839,-0.39271618638283695,,,-0.1570864745531348,0.49504529098848243,-0.29702717459308947,,,,,,
19,8,user,-0.7771721010462611,-12.87243190518,-0.39271618638283695,,,-0.1570864745531348,1.0334760441552104,-0.6200856264931263,,,,,,
19,9,user,-0.3023727612922297,-14.007710814044435,-0.39271618638283695,,,-0.1570864745531348,0.24214381123182488,-0.1452862867390949,,,,,,
19,10,uav,1.0029855074308676,15.88863428978589,-0.39271618638283695,,,,,,-0.11781485591485108,,0.0,0.0,1.6011433762081695,1.1208003633457186
19,11,uav,1.3843363152983703,17.73069461869404,-0.39271618638283695,,,,,,-0.11781485591485108,,0.0,0.0,2.1459302445903163,1.5021511712132214
19,12,uav,1.6693053860983535,19.408262911734287,-0.39271618638283695,,,,,,-0.11781485591485108,,0.0,0.0,2.553028917161721,1.7871202420132046
20,0,user,-0.7428795681584299,-17.79959518654739,-0.12317012139050831,,,-0.04926804855620333,1.1560191993370443,-0.6936115196022266,,,,,,
20,1,user,-0.33002441226403145,-14.253629935016285,-0.12317012139050831,,,-0.04926804855620333,0.46792727284638025,-0.28075636370782814,,,,,,
20,2,user,-0.39443348891131885,-13.29484439579258,-0.12317012139050831,,,-0.04926804855620333,0.5752757339251926,-0.34516544035511554,,,,,,
20,3,user,-0.27425756153277825,-13.087261274978598,-0.12317012139050831,,,-0.04926804855620333,0.37498252162762485,-0.2249895129765749,,,,,,
20,4,user,-0.5264198388275796,-15.250723632367116,-0.12317012139050831,,,-0.04926804855620333,0.7952529837856271,-0.4771517902713763,,,,,,
20,5,user,-0.2371427148749755,-14.1570469633246,-0.12317012139050831,,,-0.04926804855620333,0.31312444386462035,-0.1878746663187722,,,,,,
20,6,user,-0.5862534272078117,-13.285075601546119,-0.12317012139050831,,,-0.04926804855620333,0.894975631086014,-0.5369853786516083,,,,,,
20,7,user,-0.7935372015274633,-14.112051253539303,-0.12317012139050831,,,-0.04926804855620333,1.2404485882854333,-0.74426915297126,,,,,,
20,8,user,-0.6063176332803648,-13.478749538460363,-0.12317012139050831,,,-0.04926804855620333,0.928415974540269,-0.5570495847241614,,,,,,
20,9,user,-0.38614329385083646,-14.39385410789527,-0.12317012139050831,,,-0.04926804855620333,0.561458742157722,-0.33687524529463314,,,,,,
20,10,uav,1.3550363073127218,17.24367059709861,-0.12317012139050831,,,,,,-0.03695103641715249,,0.0,0.0,1.988553348185535,1.3919873437298744
20,11,uav,1.650872278461054,19.381566897155096,-0.12317012139050831,,,,,,-0.03695103641715249,,0.0,0.0,2.411176164111724,1.6878233148782067
20,12,uav,1.8465623184908388,21.254825230225126,-0.12317012139050831,,,,,,-0.03695103641715249,,0.0,0.0,2.6907333641542737,1.8835133549079914
21,0,user,-0.45166529976782605,-18.251260486315214,-0.38205575023756666,,,-0.15282230009502668,0.4980716661213323,-0.29884299967279937,,,,,,
21,1,user,-0.7359701197411308,-14.989600054757416,-0.38205575023756666,,,-0.15282230009502668,0.9719130327435068,-0.5831478196461041,,,,,,
21,2,user,-0.8954950664236618,-14.190339462216242,-0.38205575023756666,,,-0.15282230009502668,1.2377879438810586,-0.7426727663286351,,,,,,
21,3,user,-0.7738837991789718,-13.86114507415757,-0.38205575023756666,,,-0.15282230009502668,1.0351024984732418,-0.621061499083945,,,,,,
21,4,user,-0.5325717770250828,-15.783295409392199,-0.38205575023756666,,,-0.15282230009502668,0.6329157948834269,-0.3797494769300561,,,,,,
21,5,user,-0.3493022424392972,-14.506349205763897,-0.38205575023756666,,,-0.15282230009502668,0.3274665705737842,-0.19647994234427052,,,,,,
21,6,user,-0.7234417355989313,-14.00851733714505,-0.38205575023756666,,,-0.15282230009502668,0.9510323925065078,-0.5706194355039047,,,,,,
21,7,user,-0.2667658630656211,-14.378817116604925,-0.38205575023756666,,,-0.15282230009502668,0.18990593828432412,-0.11394356297059446,,,,,,
21,8,user,-0.9161985975557614,-14.394948136016124,-0.38205575023756666,,,-0.15282230009502668,1.2722938291012247,-0.7633762974607348,,,,,,
21,9,user,-0.6652705821708165,-15.059124690066087,-0.38205575023756666,,,-0.15282230009502668,0.8540804701263165,-0.5124482820757899,,,,,,
21,10,uav,1.2326746594793905,18.476345256578,-0.38205575023756666,,,,,,-0.11461672507126999,,0.0,0.0,1.9247019779295151,1.3472913845506604
21,11,uav,1.5277583288242074,20.909325225979302,-0.38205575023756666,,,,,,-0.11461672507126999,,0.0,0.0,2.346250076993539,1.6423750538954773
21,12,uav,1.856897067221786,23.111722297446914,-0.38205575023756666,,,,,,-0.11461672507126999,,0.0,0.0,2.8164482747043658,1.971513792293056
22,0,user,-0.26687770416176065,-18.518138190476975,0.0035209278877595023,,,0.001408371155103801,0.44714345886144075,-0.26828607531686444,,,,,,
22,1,user,-0.19751616057062457,-15.18711621532804,0.0035209278877595023,,,0.001408371155103801,0.3315408862095473,-0.19892453172572838,,,,,,
22,2,user,-0.19821564083889068,-14.388555103055133,0.0035209278877595023,,,0.001408371155103801,0.3327066866566575,-0.1996240119939945,,,,,,
22,3,user,-0.38232056195918906,-14.243465636116758,0.0035209278877595023,,,0.001408371155103801,0.6395482218571548,-0.38372893311429285,,,,,,
22,4,user,-0.2181045189796864,-16.001399928371885,0.0035209278877595023,,,0.001408371155103801,0.36585481689131705,-0.21951289013479022,,,,,,
22,5,user,-0.29936290674597815,-14.805712112509875,0.0035209278877595023,,,0.001408371155103801,0.5012854631684699,-0.30077127790108193,,,,,,
22,6,user,-0.5029252502302014,-14.511442587375253,0.0035209278877595023,,,0.001408371155103801,0.8405560356421754,-0.5043336213853052,,,,,,
22,7,user,-0.24290256409533725,-14.621719680700261,0.0035209278877595023,,,0.001408371155103801,0.40718489208406844,-0.24431093525044106,,,,,,
22,8,user,-0.2782817508246526,-14.673229886840776,0.0035209278877595023,,,0.001408371155103801,0.466150203299594,-0.2796901219797564,,,,,,
22,9,user,-0.2991471455349913,-15.358271835601078,0.0035209278877595023,,,0.001408371155103801,0.5009258611501585,-0.30055551669009506,,,,,,
22,10,uav,1.5730256087014673,20.049370865279467,0.0035209278877595023,,,,,,0.0010562783663278506,,0.0,0.0,2.245670471907342,1.5719693303351394
22,11,uav,1.6672418979365413,22.576567123915844,0.0035209278877595023,,,,,,0.0010562783663278506,,0.0,0.0,2.3802651708145905,1.6661856195702134
22,12,uav,1.918211533436888,25.029933830883802,0.0035209278877595023,,,,,,0.0010562783663278506,,0.0,0.0,2.738793221529372,1.9171552550705602
23,0,user,-0.9179346351316844,-19.436072825608658,-0.8653772084677889,,,-0.3461508833871156,0.9529729195742814,-0.5717837517445689,,,,,,
23,1,user,-0.8520806647708172,-16.039196880098856,-0.8653772084677889,,,-0.3461508833871156,0.8432163023061693,-0.5059297813837016,,,,,,
23,2,user,-0.9105066454759361,-15.299061748531068,-0.8653772084677889,,,-0.3461508833871156,0.9405929368147008,-0.5643557620888204,,,,,,
23,3,user,-0.9670776943855899,-15.210543330502349,-0.8653772084677889,,,-0.3461508833871156,1.0348780183307904,-0.6209268109984742,,,,,,
23,4,user,-0.8410241541614429,-16.842424082533327,-0.8653772084677889,,,-0.3461508833871156,0.824788784623879,-0.49487327077432736,,,,,,
23,5,user,-0.5908644450557494,-15.396576557565623,-0.8653772084677889,,,-0.3461508833871156,0.40785593611438986,-0.2447135616686339,,,,,,
23,6,user,-0.6363005565509664,-15.147743143926219,-0.8653772084677889,,,-0.3461508833871156,0.48358278860641807,-0.2901496731638508,,,,,,
23,7,user,-3.3587443896240403,-17.980464070324302,-0.8653772084677889,,,-0.3461508833871156,5.020989177061542,-3.0125935062369247,,,,,,
23,8,user,-0.6087221298188511,-15.281952016659627,-0.8653772084677889,,,-0.3461508833871156,0.4376187440528925,-0.2625712464317355,,,,,,
23,9,user,-0.6146517918168912,-15.97292362741797,-0.8653772084677889,,,-0.3461508833871156,0.4475015140496262,-0.2685009084297757,,,,,,
23,10,uav,1.2473543377372442,21.296725203016713,-0.8653772084677889,,,,,,-0.2596131625403367,,0.0,0.0,2.1528107146822584,1.5069675002775809
23,11,uav,1.544966881027603,24.121534004943445,-0.8653772084677889,,,,,,-0.2596131625403367,,0.0,0.0,2.5779714908113425,1.8045800435679396
23,12,uav,1.7483926703366905,26.778326501220494,-0.8653772084677889,,,,,,-0.2596131625403367,,0.0,0.0,2.8685797612528963,2.008005832877027
24,0,user,-0.31852512119218146,-19.75459794680084,-0.1949941517577905,,,-0.0779976607031162,0.4008791008151088,-0.24052746048906526,,,,,,
24,1,user,-0.4373620292113913,-16.47655890931025,-0.1949941517577905,,,-0.0779976607031162,0.5989406141804585,-0.3593643685082751,,,,,,
24,2,user,-0.7095187936902382,-16.008580542221306,-0.1949941517577905,,,-0.0779976607031162,1.0525352216452033,-0.631521132987122,,,,,,
24,3,user,-0.5603959893781074,-15.770939319880457,-0.1949941517577905,,,-0.0779976607031162,0.8039972144583188,-0.4823983286749913,,,,,,
24,4,user,-0.6579634553027165,-17.500387537836044,-0.1949941517577905,,,-0.0779976607031162,0.9666096576660005,-0.5799657945996003,,,,,,
24,5,user,-0.6006281002685568,-15.99720465783418,-0.1949941517577905,,,-0.0779976607031162,0.8710507326090678,-0.5226304395654406,,,,,,
24,6,user,-0.3835916268428929,-15.531334770769112,-0.1949941517577905,,,-0.0779976607031162,0.5093232768996279,-0.3055939661397767,,,,,,
24,7,user,-0.9571340253994877,-18.93759809572379,-0.1949941517577905,,,-0.0779976607031162,1.4652272744939525,-0.8791363646963715,,,,,,
24,8,user,-0.41502841471822993,-15.696980431377856,-0.1949941517577905,,,-0.0779976607031162,0.5617179233585229,-0.33703075401511373,,,,,,
24,9,user,-0.30923568727181555,-16.282159314689785,-0.1949941517577905,,,-0.0779976607031162,0.3853967109478323,-0.23123802656869935,,,,,,
24,10,uav,1.5398765831974597,22.836601786214175,-0.1949941517577905,,,,,,-0.05849824552733715,,0.0,0.0,2.2833926124639956,1.5983748287247967
24,11,uav,1.701033895231253,25.822567900174697,-0.1949941517577905,,,,,,-0.05849824552733715,,0.0,0.0,2.513617343940843,1.75953214075859
24,12,uav,2.0759696094244946,28.854296110644988,-0.1949941517577905,,,,,,-0.05849824552733715,,0.0,0.0,3.0492397927883315,2.134467854951832
25,0,user,-0.5300966736372597,-20.2846946204381,-0.17221135508251448,,,-0.0688845420330058,0.7686868860070898,-0.46121213160425384,,,,,,
25,1,user,-0.368211695970751,-16.844770605281,-0.17221135508251448,,,-0.0688845420330058,0.498878589896242,-0.29932715393774517,,,,,,
25,2,user,-0.2749471708225973,-16.283527713043902,-0.17221135508251448,,,-0.0688845420330058,0.34343771464931916,-0.2060626287895915,,,,,,
25,3,user,-0.6671201123271996,-16.438059432207655,-0.17221135508251448,,,-0.0688845420330058,0.9970592838236565,-0.5982355702941938,,,,,,
25,4,user,-0.45960027671033027,-17.959987814546373,-0.17221135508251448,,,-0.0688845420330058,0.6511928911288741,-0.39071573467732446,,,,,,
25,5,user,-0.9166046766767346,-16.913809334510916,-0.17221135508251448,,,-0.0688845420330058,1.4128668910728814,-0.8477201346437289,,,,,,
25,6,user,-0.2498475737262248,-15.781182344495337,-0.17221135508251448,,,-0.0688845420330058,0.30160505282203165,-0.18096303169321898,,,,,,
25,7,user,-0.6652045449775074,-19.602802640701295,-0.17221135508251448,,,-0.0688845420330058,0.9938666715741694,-0.5963200029445016,,,,,,
25,8,user,-0.2853993392407629,-15.98237977061862,-0.17221135508251448,,,-0.0688845420330058,0.36085799534626184,-0.2165147972077571,,,,,,
25,9,user,-0.6037335268392361,-16.88589284152902,-0.17221135508251448,,,-0.0688845420330058,0.8914149746770506,-0.5348489848062303,,,,,,
25,10,uav,1.5955394842675328,24.432141270481708,-0.17221135508251448,,,,,,-0.05166340652475434,,0.0,0.0,2.3531469868461246,1.647202890792287
25,11,uav,1.7630930527785575,27.585660952953255,-0.17221135508251448,,,,,,-0.05166340652475434,,0.0,0.0,2.59250922757616,1.8147564593033119
25,12,uav,2.3452317547545456,31.199527865399535,-0.17221135508251448,,,,,,-0.05166340652475434,,0.0,0.0,3.424135944684714,2.3968951612793
26,0,user,-0.6540587477301978,-20.938753368168296,-1.0749284274047513,,,-0.4299713709619005,0.37347896128049546,-0.22408737676829726,,,,,,
26,1,user,-1.1725514492833127,-18.01732205456431,-1.0749284274047513,,,-0.4299713709619005,1.2376334638690203,-0.7425800783214122,,,,,,
26,2,user,-0.6512205400968243,-16.934748253140725,-1.0749284274047513,,,-0.4299713709619005,0.368748615224873,-0.2212491691349238,,,,,,
26,3,user,-0.5695096969169791,-17.007569129124633,-1.0749284274047513,,,-0.4299713709619005,0.2325638765917976,-0.13953832595507856,,,,,,
26,4,user,-2.8454575541790863,-20.805445368725458,-1.0749284274047513,,,-0.4299713709619005,4.0258103053619765,-2.415486183217186,,,,,,
26,5,user,-1.1627837393515341,-18.07659307386245,-1.0749284274047513,,,-0.4299713709619005,1.221353947316056,-0.7328123683896336,,,,,,
26,6,user,-0.8668071535235049,-16.64798949801884,-1.0749284274047513,,,-0.4299713709619005,0.728059637602674,-0.4368357825616044,,,,,,
26,7,user,-0.6164929802279298,-20.219295620929223,-1.0749284274047513,,,-0.4299713709619005,0.3108693487767153,-0.18652160926602918,,,,,,
26,8,user,-0.9724210477342932,-16.95480081835291,-1.0749284274047513,,,-0.4299713709619005,0.9040827946206544,-0.5424496767723926,,,,,,
26,9,user,-0.5421627452203271,-17.42805558674935,-1.0749284274047513,,,-0.4299713709619005,0.1869856237640444,-0.11219137425842664,,,,,,
26,10,uav,1.7174539334452275,26.149595203926935,-1.0749284274047513,,,,,,-0.32247852822142536,,0.0,0.0,2.914189230952361,2.0399324616666528
26,11,uav,1.6187976474894192,29.204458600442674,-1.0749284274047513,,,,,,-0.32247852822142536,,0.0,0.0,2.773251679586921,1.9412761757108445
26,12,uav,1.9965726238305226,33.196100489230055,-1.0749284274047513,,,,,,-0.32247852822142536,,0.0,0.0,3.3129302172170685,2.319051152051948
27,0,user,-1.104003219071887,-22.042756587240184,-0.89762925573548,,,-0.35905170229419203,1.2415858612961583,-0.744951516777695,,,,,,
27,1,user,-1.0453162156220472,-19.06263827018636,-0.89762925573548,,,-0.35905170229419203,1.1437741888797588,-0.6862645133278552,,,,,,
27,2,user,-0.8109674513733924,-17.74571570451412,-0.89762925573548,,,-0.35905170229419203,0.7531929151320007,-0.4519157490792004,,,,,,
27,3,user,-0.7155011998898975,-17.72307032901453,-0.89762925573548,,,-0.35905170229419203,0.5940824959928424,-0.3564494975957054,,,,,,
27,4,user,-1.385044190634161,-22.19048955935962,-0.89762925573548,,,-0.35905170229419203,1.7099874805666153,-1.0259924883399691,,,,,,
27,5,user,-0.7363737893837252,-18.812966863246178,-0.89762925573548,,,-0.35905170229419203,0.628870145149222,-0.3773220870895332,,,,,,
27,6,user,-0.6452991036840525,-17.293288601702894,-0.89762925573548,,,-0.35905170229419203,0.4770790023164343,-0.28624740138986055,,,,,,
27,7,user,-0.5059105794078604,-20.725206200337084,-0.89762925573548,,,-0.35905170229419203,0.24476479518944746,-0.14685887711366846,,,,,,
27,8,user,-1.1060886299194086,-18.06088944827232,-0.89762925573548,,,-0.35905170229419203,1.2450615460420276,-0.7470369276252166,,,,,,
27,9,user,-1.1092027668627307,-18.537258353612078,-0.89762925573548,,,-0.35905170229419203,1.2502517742808978,-0.7501510645685386,,,,,,
27,10,uav,1.5643339102337526,27.71392911416069,-0.89762925573548,,,,,,-0.269288776720644,,0.0,0.0,2.619460981363424,1.8336226869543966
27,11,uav,1.9695748532531756,31.17403345369585,-0.89762925573548,,,,,,-0.269288776720644,,0.0,0.0,3.198376614248314,2.2388636299738196
27,12,uav,2.06630237796369,35.26240286719374,-0.89762925573548,,,,,,-0.269288776720644,,0.0,0.0,3.336558792406191,2.3355911546843338
28,0,user,-1.1572377664971323,-23.199994353737317,-0.6612224492764536,,,-0.26448897971058144,1.4879146446442515,-0.8927487867865509,,,,,,
28,1,user,-0.48356852370255143,-19.54620679388891,-0.6612224492764536,,,-0.26448897971058144,0.36513257331995,-0.21907954399197002,,,,,,
28,2,user,-0.8379666714331231,-18.58368237594724,-0.6612224492764536,,,-0.26448897971058144,0.9557961528709028,-0.5734776917225417,,,,,,
28,3,user,-1.198438074326006,-18.921508403340535,-0.6612224492764536,,,-0.26448897971058144,1.5565818243590408,-0.9339490946154244,,,,,,
28,4,user,-1.0563445592617235,-23.246834118621344,-0.6612224492764536,,,-0.26448897971058144,1.3197592992519036,-0.7918555795511422,,,,,,
28,5,user,-0.48393742399798445,-19.296904287244164,-0.6612224492764536,,,-0.26448897971058144,0.3657474071456717,-0.21944844428740304,,,,,,
28,6,user,-0.37985708354472797,-17.673145685247622,-0.6612224492764536,,,-0.26448897971058144,0.19228017305691092,-0.11536810383414654,,,,,,
28,7,user,-0.8711480468607908,-21.596354247197876,-0.6612224492764536,,,-0.26448897971058144,1.011098445250349,-0.6066590671502095,,,,,,
28,8,user,-0.5816765652320035,-18.642566013504325,-0.6612224492764536,,,-0.26448897971058144,0.5286459758690367,-0.317187585521422,,,,,,
28,9,user,-0.5258503488235116,-19.06310870243559,-0.6612224492764536,,,-0.26448897971058144,0.4356022818548834,-0.26136136911293006,,,,,,
28,10,uav,1.7539275891640143,29.467856703324703,-0.6612224492764536,,,,,,-0.19836673478293607,,0.0,0.0,2.7889918913527865,1.9522943239469503
28,11,uav,2.1981843961626617,33.37221784985851,-0.6612224492764536,,,,,,-0.19836673478293607,,0.0,0.0,3.4236444727794253,2.3965511309455976
28,12,uav,2.0699604068401993,37.332363274033945,-0.6612224492764536,,,,,,-0.19836673478293607,,0.0,0.0,3.2404673451759076,2.268327141623135
29,0,user,-0.7188954917627381,-23.918889845500054,-1.2213298026800334,,,-0.4885319210720134,0.38393928448454123,-0.23036357069072472,,,,,,
29,1,user,-0.981932156010674,-20.528138949899585,-1.2213298026800334,,,-0.4885319210720134,0.8223337248977678,-0.49340023493866064,,,,,,
29,2,user,-1.2786508183525287,-19.86233319429977,-1.2213298026800334,,,-0.4885319210720134,1.3168648288008586,-0.7901188972805152,,,,,,
29,3,user,-1.5128194426563035,-20.43432784599684,-1.2213298026800334,,,-0.4885319210720134,1.7071458693071504,-1.0242875215842902,,,,,,
29,4,user,-3.5099602580876446,-26.75679437670899,-1.2213298026800334,,,-0.4885319210720134,5.035713895026052,-3.021428337015631,,,,,,
29,5,user,-0.9333613310190754,-20.23026561826324,-1.2213298026800334,,,-0.4885319210720134,0.7413823499117699,-0.44482940994706194,,,,,,
29,6,user,-1.072866084697259,-18.746011769944882,-1.2213298026800334,,,-0.4885319210720134,0.9738902727087428,-0.5843341636252457,,,,,,
29,7,user,-1.034755708572789,-22.631109955770665,-1.2213298026800334,,,-0.4885319210720134,0.9103729791679593,-0.5462237875007756,,,,,,
29,8,user,-1.0056190074635907,-19.648185020967915,-1.2213298026800334,,,-0.4885319210720134,0.8618118106526288,-0.5170870863915773,,,,,,
29,9,user,-0.7320134649843216,-19.795122167419912,-1.2213298026800334,,,-0.4885319210720134,0.40580257318718044,-0.24348154391230825,,,,,,
29,10,uav,1.6733275353663384,31.14118423869104,-1.2213298026800334,,,,,,-0.36639894080401003,,0.0,0.0,2.9138949659576405,2.0397264761703484
29,11,uav,1.832455981400821,35.20467383125933,-1.2213298026800334,,,,,,-0.36639894080401003,,0.0,0.0,3.1412213174354733,2.198854922204831
29,12,uav,2.312653504018854,39.6450167780528,-1.2213298026800334,,,,,,-0.36639894080401003,,0.0,0.0,3.827217778318377,2.679052444822864
30,0,user,-0.8184350960881964,-24.737324941588252,-0.3523749820001289,,,-0.14094999280005158,1.1291418388135748,-0.6774851032881448,,,,,,
30,1,user,-0.26690591720153134,-20.795044867101115,-0.3523749820001289,,,-0.14094999280005158,0.209926540669133,-0.1259559244014798,,,,,,
30,2,user,-0.5529985157546736,-20.415331710054442,-0.3523749820001289,,,-0.14094999280005158,0.6867475382577035,-0.4120485229546221,,,,,,
30,3,user,-0.47072037493054664,-20.905048220927387,-0.3523749820001289,,,-0.14094999280005158,0.549617303550825,-0.32977038213049503,,,,,,
30,4,user,-0.8759028159388238,-27.63269719264781,-0.3523749820001289,,,-0.14094999280005158,1.2249213718979537,-0.7349528231387722,,,,,,
30,5,user,-0.2758549873581706,-20.50612060562141,-0.3523749820001289,,,-0.14094999280005158,0.22484165759686506,-0.13490499455811902,,,,,,
30,6,user,-0.2765688031386763,-19.02258057308356,-0.3523749820001289,,,-0.14094999280005158,0.2260313505643746,-0.13561881033862475,,,,,,
30,7,user,-0.7894860176269076,-23.42059597339757,-0.3523749820001289,,,-0.14094999280005158,1.0808933747114267,-0.648536024826856,,,,,,
30,8,user,-0.6484470088918068,-20.296632029859722,-0.3523749820001289,,,-0.14094999280005158,0.8458283601529255,-0.5074970160917552,,,,,,
30,9,user,-0.7516697533615214,-20.546791920781434,-0.3523749820001289,,,-0.14094999280005158,1.0178662676024497,-0.6107197605614698,,,,,,
30,10,uav,1.7840010958389572,32.92518533453,-0.3523749820001289,,,,,,-0.10571249460003866,,0.0,0.0,2.69959084348428,1.889713590438996
30,11,uav,2.3053653405871457,37.51003917184647,-0.3523749820001289,,,,,,-0.10571249460003866,,0.0,0.0,3.4443969074102636,2.4110778351871844
30,12,uav,2.2891122148057055,41.934128992858504,-0.3523749820001289,,,,,,-0.10571249460003866,,0.0,0.0,3.4211781562939207,2.394824709405744
31,0,user,-1.1924484253839118,-25.929773366972164,-0.5895214672637822,,,-0.23580858690551287,1.5943997307973314,-0.9566398384783988,,,,,,
31,1,user,-0.7602931506494803,-21.555338017750596,-0.5895214672637822,,,-0.23580858690551287,0.8741409395732791,-0.5244845637439675,,,,,,
31,2,user,-0.7340528758452806,-21.14938458589972,-0.5895214672637822,,,-0.23580858690551287,0.8304071482329461,-0.4982442889397677,,,,,,
31,3,user,-1.120934885109214,-22.025983106036602,-0.5895214672637822,,,-0.23580858690551287,1.4752104970061686,-0.8851262982037011,,,,,,
31,4,user,-0.7856809085791472,-28.418378101226956,-0.5895214672637822,,,-0.23580858690551287,0.9164538694560572,-0.5498723216736343,,,,,,
31,5,user,-0.487632888153398,-20.993753493774808,-0.5895214672637822,,,-0.23580858690551287,0.41970716874647523,-0.25182430124788513,,,,,,
31,6,user,-0.8753432660309018,-19.897923839114462,-0.5895214672637822,,,-0.23580858690551287,1.0658911318756483,-0.639534679125389,,,,,,
31,7,user,-0.6272547287253514,-24.047850702122922,-0.5895214672637822,,,-0.23580858690551287,0.6524102363663975,-0.3914461418198385,,,,,,
31,8,user,-0.8067292272353058,-21.103361257095028,-0.5895214672637822,,,-0.23580858690551287,0.951534400549655,-0.570920640329793,,,,,,
31,9,user,-0.3654042048871804,-20.912196125668615,-0.5895214672637822,,,-0.23580858690551287,0.2159926966361125,-0.1295956179816675,,,,,,
31,10,uav,1.8609585039806007,34.7861438385106,-0.5895214672637822,,,,,,-0.17685644017913466,,0.0,0.0,2.9111642059424794,2.0378149441597353
31,11,uav,2.1402931199254,39.650332291771875,-0.5895214672637822,,,,,,-0.17685644017913466,,0.0,0.0,3.310213657292193,2.317149560104535
31,12,uav,2.2378405864802344,44.171969579338736,-0.5895214672637822,,,,,,-0.17685644017913466,,0.0,0.0,3.449567180941956,2.4146970266593693
32,0,user,-0.79758541770068,-26.727358784672845,-0.5751353654761717,,,-0.2300541461904687,0.9458854525170189,-0.5675312715102113,,,,,,
32,1,user,-0.9452663774998921,-22.500604395250487,-0.5751353654761717,,,-0.2300541461904687,1.1920203855157057,-0.7152122313094234,,,,,,
32,2,user,-0.9312336563629098,-22.08061824226263,-0.5751353654761717,,,-0.2300541461904687,1.1686325169540686,-0.7011795101724411,,,,,,
32,3,user,-0.4666978249290826,-22.492680930965683,-0.5751353654761717,,,-0.2300541461904687,0.39440613123102325,-0.23664367873861394,,,,,,
32,4,user,-0.42480109430915314,-28.84317919553611,-0.5751353654761717,,,-0.2300541461904687,0.32457824686447406,-0.19474694811868443,,,,,,
32,5,user,-0.9506964598072074,-21.944449953582016,-0.5751353654761717,,,-0.2300541461904687,1.2010705226945646,-0.7206423136167387,,,,,,
32,6,user,-0.6882657203799109,-20.586189559494372,-0.5751353654761717,,,-0.2300541461904687,0.7636859569824036,-0.45821157418944214,,,,,,
32,7,user,-0.7309254461290394,-24.77877614825196,-0.5751353654761717,,,-0.2300541461904687,0.8347854998976179,-0.5008712999385707,,,,,,
32,8,user,-0.6744949797834926,-21.77785623687852,-0.5751353654761717,,,-0.2300541461904687,0.7407347226550398,-0.4444408335930239,,,,,,
32,9,user,-0.605589061341189,-21.517785187009803,-0.5751353654761717,,,-0.2300541461904687,0.6258915252512004,-0.37553491515072024,,,,,,
32,10,uav,1.8812108828574137,36.667354721368014,-0.5751353654761717,,,,,,-0.1725406096428515,,0.0,0.0,2.933930703571807,2.053751492500265
32,11,uav,2.1536796705761723,41.80401196234805,-0.5751353654761717,,,,,,-0.1725406096428515,,0.0,0.0,3.3231718288843197,2.3262202802190237
32,12,uav,2.2330688300619146,46.40503840940065,-0.5751353654761717,,,,,,-0.1725406096428515,,0.0,0.0,3.4365849138639515,2.405609439704766
33,0,user,-1.0820886265867748,-27.80944741125962,-0.578320295391846,,,-0.23132811815673843,1.4179341807167274,-0.8507605084300364,,,,,,
33,1,user,-0.468687849887519,-22.969292245138007,-0.578320295391846,,,-0.23132811815673843,0.39559955288463433,-0.2373597317307806,,,,,,
33,2,user,-0.620970374662545,-22.701588616925175,-0.578320295391846,,,-0.23132811815673843,0.6494037608430109,-0.38964225650580653,,,,,,
33,3,user,-0.7279117673014559,-23.22059269826714,-0.578320295391846,,,-0.23132811815673843,0.8276394152411958,-0.4965836491447174,,,,,,
33,4,user,-1.2711711157102745,-30.114350311246383,-0.578320295391846,,,-0.23132811815673843,1.733071662589227,-1.0398429975535362,,,,,,
33,5,user,-0.416512044261827,-22.36096199784384,-0.578320295391846,,,-0.23132811815673843,0.30863987684181426,-0.18518392610508855,,,,,,
33,6,user,-0.9820388851955986,-21.56822844468997,-0.578320295391846,,,-0.23132811815673843,1.2511846117314336,-0.7507107670388601,,,,,,
33,7,user,-0.7076642047807202,-25.48644035303268,-0.578320295391846,,,-0.23132811815673843,0.7938934777066363,-0.47633608662398175,,,,,,
33,8,user,-0.7266955988917401,-22.50455183577026,-0.578320295391846,,,-0.23132811815673843,0.8256124678916694,-0.49536748073500164,,,,,,
33,9,user,-0.5935235564231658,-22.111308743432968,-0.578320295391846,,,-0.23132811815673843,0.6036590637773789,-0.3621954382664273,,,,,,
33,10,uav,1.8133265373193852,38.4806812586874,-0.578320295391846,,,,,,-0.1734960886175538,,0.0,0.0,2.8383180370527703,1.986822625936939
33,11,uav,2.217482069040343,44.02149403138839,-0.578320295391846,,,,,,-0.1734960886175538,,0.0,0.0,3.4156830823684246,2.390978157657897
33,12,uav,2.2469748708785486,48.6520132802792,-0.578320295391846,,,,,,-0.1734960886175538,,0.0,0.0,3.4578156564230036,2.4204709594961025
34,0,user,-0.9664683904627756,-28.775915801722395,-0.9950625355281103,,,-0.39802501421124414,0.9474056270858857,-0.5684433762515314,,,,,,
34,1,user,-0.7352027547905724,-23.704494999928578,-0.9950625355281103,,,-0.39802501421124414,0.561962900965547,-0.3371777405793282,,,,,,
34,2,user,-1.022867283773043,-23.724455900698217,-0.9950625355281103,,,-0.39802501421124414,1.041403782602998,-0.6248422695617988,,,,,,
34,3,user,-1.0578652891203046,-24.278457987387444,-0.9950625355281103,,,-0.39802501421124414,1.0997337915151006,-0.6598402749090604,,,,,,
34,4,user,-1.0344333818943658,-31.14878369314075,-0.9950625355281103,,,-0.39802501421124414,1.0606806128052026,-0.6364083676831216,,,,,,
34,5,user,-1.0568394017439193,-23.41780139958776,-0.9950625355281103,,,-0.39802501421124414,1.0980239792211253,-0.6588143875326752,,,,,,
34,6,user,-0.8920560122023377,-22.46028445689231,-0.9950625355281103,,,-0.39802501421124414,0.8233849966518225,-0.4940309979910935,,,,,,
34,7,user,-1.2599028235356227,-26.746343176568303,-0.9950625355281103,,,-0.39802501421124414,1.4364630155406308,-0.8618778093243785,,,,,,
34,8,user,-0.5921544522060664,-23.09670628797633,-0.9950625355281103,,,-0.39802501421124414,0.3235490633247038,-0.19412943799482227,,,,,,
34,9,user,-1.2169514892168822,-23.32826023264985,-0.9950625355281103,,,-0.39802501421124414,1.36487745834273,-0.8189264750056381,,,,,,
34,10,uav,1.688811618629591,40.16949287731699,-0.9950625355281103,,,,,,-0.2985187606584331,,0.0,0.0,2.839043398982892,1.9873303792880241
34,11,uav,2.028333354670672,46.049827386059064,-0.9950625355281103,,,,,,-0.2985187606584331,,0.0,0.0,3.3240744504701505,2.326852115329105
34,12,uav,2.140939031716086,50.792952311995286,-0.9950625355281103,,,,,,-0.2985187606584331,,0.0,0.0,3.4849397033921705,2.4394577923745193
35,0,user,-1.1974681028914933,-29.97338390461389,-0.998556020923736,,,-0.3994224083694944,1.3300761575366649,-0.7980456945219989,,,,,,
35,1,user,-0.8761704187105364,-24.580665418639114,-0.998556020923736,,,-0.3994224083694944,0.7945800172350699,-0.4767480103410419,,,,,,
35,2,user,-0.8069422108971758,-24.531398111595394,-0.998556020923736,,,-0.3994224083694944,0.6791996708794691,-0.40751980252768144,,,,,,
35,3,user,-0.7216518921762105,-25.000109879563656,-0.998556020923736,,,-0.3994224083694944,0.5370491396778603,-0.3222294838067162,,,,,,
35,4,user,-1.0127218459623681,-32.16150553910312,-0.998556020923736,,,-0.3994224083694944,1.0221657293214563,-0.6132994375928738,,,,,,
35,5,user,-0.8926683662928662,-24.310469765880626,-0.998556020923736,,,-0.3994224083694944,0.822076596538953,-0.4932459579233718,,,,,,
35,6,user,-1.1666301222149529,-23.626914579107265,-0.998556020923736,,,-0.3994224083694944,1.2786795230757642,-0.7672077138454585,,,,,,
35,7,user,-0.49942993574912675,-27.24577311231743,-0.998556020923736,,,-0.3994224083694944,0.16667921229938726,-0.10000752737963235,,,,,,
35,8,user,-0.6538496215313463,-23.750555909507675,-0.998556020923736,,,-0.3994224083694944,0.42404535526975323,-0.2544272131618519,,,,,,
35,9,user,-2.739388111659329,-26.067648344309177,-0.998556020923736,,,-0.3994224083694944,3.8999428388163904,-2.339965703289834,,,,,,
35,10,uav,1.688282134655311,41.8577750119723,-0.998556020923736,,,,,,-0.2995668062771208,,0.0,0.0,2.8397842013320456,1.9878489409324318
35,11,uav,2.037302123897185,48.08712950995625,-0.998556020923736,,,,,,-0.2995668062771208,,0.0,0.0,3.338384185963294,2.3368689301743055
35,12,uav,2.2215884709016507,53.01454078289694,-0.998556020923736,,,,,,-0.2995668062771208,,0.0,0.0,3.6016503959696733,2.5211552771787713
36,0,user,-0.8515537934162285,-30.82493769803012,-1.1503279683494685,,,-0.4601311873397874,0.6523710101274017,-0.391422606076441,,,,,,
36,1,user,-1.303456859274196,-25.88412227791331,-1.1503279683494685,,,-0.4601311873397874,1.4055427865573478,-0.8433256719344087,,,,,,
36,2,user,-0.7180778448110847,-25.249475956406478,-1.1503279683494685,,,-0.4601311873397874,0.4299110957854955,-0.2579466574712973,,,,,,
36,3,user,-0.6445897096572583,-25.644699589220913,-1.1503279683494685,,,-0.4601311873397874,0.30743087052911805,-0.1844585223174708,,,,,,
36,4,user,-0.5814297852373882,-32.74293532434051,-1.1503279683494685,,,-0.4601311873397874,0.20216432982933458,-0.12129859789760074,,,,,,
36,5,user,-0.772268360325012,-25.082738126205637,-1.1503279683494685,,,-0.4601311873397874,0.5202286216420409,-0.31213717298522453,,,,,,
36,6,user,-1.2725373837991882,-24.899451962906454,-1.1503279683494685,,,-0.4601311873397874,1.354010327432335,-0.8124061964594009,,,,,,
36,7,user,-1.0348971193065308,-28.28067023162396,-1.1503279683494685,,,-0.4601311873397874,0.9579432199445725,-0.5747659319667435,,,,,,
36,8,user,-0.6902800040806907,-24.440835913588366,-1.1503279683494685,,,-0.4601311873397874,0.38358136123483877,-0.23014881674090326,,,,,,
36,9,user,-2.140724427574793,-28.20837277188397,-1.1503279683494685,,,-0.4601311873397874,2.800988733725009,-1.6805932402350054,,,,,,
36,10,uav,1.644280274154833,43.50205528612713,-1.1503279683494685,,,,,,-0.34509839050484054,,0.0,0.0,2.841969520942391,1.9893786646596736
36,11,uav,2.0619908125089523,50.1491203224652,-1.1503279683494685,,,,,,-0.34509839050484054,,0.0,0.0,3.438698861448276,2.407089203013793
36,12,uav,2.191992720274317,55.20653350317125,-1.1503279683494685,,,,,,-0.34509839050484054,,0.0,0.0,3.624415872541654,2.5370911107791576
37,0,user,-0.9909783630303257,-31.815916061060445,-0.9891943933998018,,,-0.3956777573599207,0.9921676761173417,-0.595300605670405,,,,,,
37,1,user,-0.8704918701872223,-26.754614148100533,-0.9891943933998018,,,-0.3956777573599207,0.7913568547121693,-0.47481411282730157,,,,,,
37,2,user,-1.1481020181228048,-26.397577974529284,-0.9891943933998018,,,-0.3956777573599207,1.2540404346048069,-0.752424260762884,,,,,,
37,3,user,-0.8792514011591284,-26.52395099038004,-0.9891943933998018,,,-0.3956777573599207,0.8059560729986796,-0.4835736437992077,,,,,,
37,4,user,-1.239911201495036,-33.98284652583554,-0.9891943933998018,,,-0.3956777573599207,1.4070557402251922,-0.8442334441351153,,,,,,
37,5,user,-0.9344525231829559,-26.017190649388592,-0.9891943933998018,,,-0.3956777573599207,0.8979579430383919,-0.5387747658230352,,,,,,
37,6,user,-0.8020444547372109,-25.701496417643664,-0.9891943933998018,,,-0.3956777573599207,0.6772778289621503,-0.40636669737729014,,,,,,
37,7,user,-0.8869776218455278,-29.16764785346949,-0.9891943933998018,,,-0.3956777573599207,0.8188331074760118,-0.49129986448560703,,,,,,
37,8,user,-0.8088708562417604,-25.249706769830127,-0.9891943933998018,,,-0.3956777573599207,0.6886551648030661,-0.41319309888183964,,,,,,
37,9,user,-2.466824921291174,-30.675197693175143,-0.9891943933998018,,,-0.3956777573599207,3.4519119398854223,-2.0711471639312533,,,,,,
37,10,uav,1.766103639196561,45.26815892532369,-0.9891943933998018,,,,,,-0.2967583180199405,,0.0,0.0,2.9469456531664306,2.0628619572165015
37,11,uav,2.053158153831298,52.2022784762965,-0.9891943933998018,,,,,,-0.2967583180199405,,0.0,0.0,3.3570235312160555,2.349916471851239
37,12,uav,2.239650055202141,57.44618355837339,-0.9891943933998018,,,,,,-0.2967583180199405,,0.0,0.0,3.623440533174403,2.536408373222082
38,0,user,-0.5722276631909529,-32.3881437242514,-0.3531602536985049,,,-0.14126410147940197,0.7182726028525849,-0.4309635617115509,,,,,,
38,1,user,-0.22377733943728345,-26.978391487537817,-0.3531602536985049,,,-0.14126410147940197,0.13752206326313582,-0.08251323795788149,,,,,,
38,2,user,-0.8105611352396992,-27.208139109768982,-0.3531602536985049,,,-0.14126410147940197,1.1154950562671622,-0.6692970337602973,,,,,,
38,3,user,-0.7636951461765689,-27.28764613655661,-0.3531602536985049,,,-0.14126410147940197,1.0373850744952782,-0.6224310446971669,,,,,,
38,4,user,-0.46338012316363064,-34.44622664899917,-0.3531602536985049,,,-0.14126410147940197,0.5368600361403811,-0.32211602168422865,,,,,,
38,5,user,-0.2789755622088935,-26.296166211597484,-0.3531602536985049,,,-0.14126410147940197,0.22951910121581928,-0.13771146072949156,,,,,,
38,6,user,-0.39100621573210803,-26.092502633375773,-0.3531602536985049,,,-0.14126410147940197,0.4162368570878434,-0.24974211425270604,,,,,,
38,7,user,-0.2887597072444539,-29.45640756071394,-0.3531602536985049,,,-0.14126410147940197,0.2458260096084198,-0.14749560576505188,,,,,,
38,8,user,-1.0413257278439552,-26.29103249767408,-0.3531602536985049,,,-0.14126410147940197,1.5001027106075886,-0.9000616263645531,,,,,,
38,9,user,-0.3424947240330262,-31.01769241720817,-0.3531602536985049,,,-0.14126410147940197,0.3353843709227071,-0.20123062255362426,,,,,,
38,10,uav,1.8797432530061984,47.147902178329886,-0.3531602536985049,,,,,,-0.10594807610955147,,0.0,0.0,2.8367018987367856,1.9856913291157499
38,11,uav,2.462503652906201,54.6647821292027,-0.3531602536985049,,,,,,-0.10594807610955147,,0.0,0.0,3.669216755736789,2.5684517290157522
38,12,uav,2.34170447848837,59.78788803686176,-0.3531602536985049,,,,,,-0.10594807610955147,,0.0,0.0,3.496646506568459,2.447652554597921
39,0,user,-0.7983115883783785,-33.186455312629775,-0.18904398314769186,,,-0.07561759325907674,1.204489991865503,-0.7226939951193018,,,,,,
39,1,user,-0.2873620463371449,-27.26575353387496,-0.18904398314769186,,,-0.07561759325907674,0.35290742179678025,-0.21174445307806813,,,,,,
39,2,user,-0.7318220204570502,-27.93996113022603,-0.18904398314769186,,,-0.07561759325907674,1.0936740453299558,-0.6562044271979734,,,,,,
39,3,user,-0.5551214517409795,-27.84276758829759,-0.18904398314769186,,,-0.07561759325907674,0.7991730974698379,-0.4795038584819027,,,,,,
39,4,user,-0.23463286587719312,-34.68085951487637,-0.18904398314769186,,,-0.07561759325907674,0.2650254543635273,-0.15901527261811638,,,,,,
39,5,user,-0.5357934578944596,-26.831959669491944,-0.18904398314769186,,,-0.07561759325907674,0.766959774392305,-0.46017586463538296,,,,,,
39,6,user,-0.37226033742696435,-26.464762970802738,-0.18904398314769186,,,-0.07561759325907674,0.49440457361314605,-0.2966427441678876,,,,,,
39,7,user,-0.5696373329136144,-30.026044893627557,-0.18904398314769186,,,-0.07561759325907674,0.8233662327575627,-0.4940197396545376,,,,,,
39,8,user,-0.6429532662613491,-26.93398576393543,-0.18904398314769186,,,-0.07561759325907674,0.9455594550037871,-0.5673356730022723,,,,,,
39,9,user,-0.6165209330986661,-31.634213350306837,-0.18904398314769186,,,-0.07561759325907674,0.9015055663993156,-0.5409033398395893,,,,,,
39,10,uav,1.8525973442122496,49.000499522542135,-0.18904398314769186,,,,,,-0.05671319494430756,,0.0,0.0,2.727586484509368,1.9093105391565572
39,11,uav,2.444780877561913,57.10956300676461,-0.18904398314769186,,,,,,-0.05671319494430756,,0.0,0.0,3.5735629607231725,2.5014940725062207
39,12,uav,2.3306037637437544,62.11849180060551,-0.18904398314769186,,,,,,-0.05671319494430756,,0.0,0.0,3.410452798125803,2.387316958688062
40,0,user,-0.8667713559142195,-34.05322666854399,-0.5924448267014552,,,-0.23697793068058207,1.0496557087227292,-0.6297934252336375,,,,,,
40,1,user,-0.6599009245023474,-27.92565445837731,-0.5924448267014552,,,-0.23697793068058207,0.7048716563696088,-0.4229229938217653,,,,,,
40,2,user,-0.44642415459359175,-28.386385284819625,-0.5924448267014552,,,-0.23697793068058207,0.3490770398550161,-0.20944622391300965,,,,,,
40,3,user,-0.8110087665872467,-28.653776354884837,-0.5924448267014552,,,-0.23697793068058207,0.9567180598444411,-0.5740308359066647,,,,,,
40,4,user,-0.4995984849021651,-35.18045799977853,-0.5924448267014552,,,-0.23697793068058207,0.4377009237026383,-0.262620554221583,,,,,,
40,5,user,-0.9817740874270865,-27.81373375691903,-0.5924448267014552,,,-0.23697793068058207,1.2413269279108408,-0.7447961567465045,,,,,,
40,6,user,-0.9625915445688334,-27.427354515371572,-0.5924448267014552,,,-0.23697793068058207,1.2093560231470857,-0.7256136138882514,,,,,,
40,7,user,-0.42953057585382953,-30.455575469481385,-0.5924448267014552,,,-0.23697793068058207,0.3209210752887458,-0.19255264517324747,,,,,,
40,8,user,-0.5002454536510507,-27.43423121758648,-0.5924448267014552,,,-0.23697793068058207,0.4387792049507811,-0.2632675229704686,,,,,,
40,9,user,-1.1436291862905037,-32.77784253659734,-0.5924448267014552,,,-0.23697793068058207,1.511085426016536,-0.9066512556099215,,,,,,
40,10,uav,1.8019420986089492,50.80244162115108,-0.5924448267014552,,,,,,-0.17773344801043653,,0.0,0.0,2.8281079237419795,1.9796755466193856
40,11,uav,2.253946178842295,59.36350918560691,-0.5924448267014552,,,,,,-0.17773344801043653,,0.0,0.0,3.473828038361046,2.431679626852732
40,12,uav,2.2643791867869343,64.38287098739245,-0.5924448267014552,,,,,,-0.17773344801043653,,0.0,0.0,3.488732335424816,2.442112634797371
41,0,user,-0.7763470083128257,-34.82957367685682,-1.275359646601787,,,-0.5101438586407148,0.44367191612018486,-0.2662031496721109,,,,,,
41,1,user,-0.6925288188811425,-28.618183277258453,-1.275359646601787,,,-0.5101438586407148,0.30397493373404616,-0.1823849602404277,,,,,,
41,2,user,-1.0118887364237281,-29.398274021243353,-1.275359646601787,,,-0.5101438586407148,0.8362414629716891,-0.5017448777830135,,,,,,
41,3,user,-0.8079465192559018,-29.46172287414074,-1.275359646601787,,,-0.5101438586407148,0.49633776769197835,-0.297802660615187,,,,,,
41,4,user,-1.386478861199763,-36.566936860978295,-1.275359646601787,,,-0.5101438586407148,1.460558337598414,-0.8763350025590483,,,,,,
41,5,user,-1.0147943741567178,-28.82852813107575,-1.275359646601787,,,-0.5101438586407148,0.8410841925266717,-0.5046505155160029,,,,,,
41,6,user,-1.0571020843565528,-28.484456599728126,-1.275359646601787,,,-0.5101438586407148,0.9115970428597302,-0.5469582257158381,,,,,,
41,7,user,-1.408674167669059,-31.864249637150444,-1.275359646601787,,,-0.5101438586407148,1.4975505150472403,-0.8985303090283442,,,,,,
41,8,user,-1.200587426122703,-28.63481864370918,-1.275359646601787,,,-0.5101438586407148,1.150739279136647,-0.6904435674819882,,,,,,
41,9,user,-3.5136144032368297,-36.29145693983417,-1.275359646601787,,,-0.5101438586407148,5.005784240993525,-3.003470544596115,,,,,,
41,10,uav,1.6160223198906793,52.418463941041765,-1.275359646601787,,,,,,-0.3826078939805361,,0.0,0.0,2.855186019816022,1.9986302138712153
41,11,uav,2.0763973664850295,61.43990655209194,-1.275359646601787,,,,,,-0.3826078939805361,,0.0,0.0,3.5128646578079508,2.4590052604655654
41,12,uav,2.0602282285573628,66.44309921594981,-1.275359646601787,,,,,,-0.3826078939805361,,0.0,0.0,3.4897658893398558,2.4428361225378987
42,0,user,-1.0098968961828485,-35.83947057303967,-0.3747591567851692,,,-0.1499036627140677,1.4333220557813016,-0.8599932334687809,,,,,,
42,1,user,-0.5588620333779643,-29.177045310636416,-0.3747591567851692,,,-0.1499036627140677,0.6815972844398276,-0.40895837066389656,,,,,,
42,2,user,-0.6704608248327897,-30.068734846076143,-0.3747591567851692,,,-0.1499036627140677,0.8675952701978701,-0.520557162118722,,,,,,
42,3,user,-0.654982822527648,-30.116705696668387,-0.3747591567851692,,,-0.1499036627140677,0.8417985996893005,-0.5050791598135803,,,,,,
42,4,user,-0.42114323420183447,-36.98808009518013,-0.3747591567851692,,,-0.1499036627140677,0.45206595247961134,-0.2712395714877668,,,,,,
42,5,user,-0.2830593450906076,-29.111587476166356,-0.3747591567851692,,,-0.1499036627140677,0.22192613729423322,-0.13315568237653994,,,,,,
42,6,user,-0.5374062785608319,-29.021862878288957,-0.3747591567851692,,,-0.1499036627140677,0.6458376930779404,-0.3875026158467642,,,,,,
42,7,user,-0.3014317811446273,-32.16568141829507,-0.3747591567851692,,,-0.1499036627140677,0.25254686405093274,-0.15152811843055963,,,,,,
42,8,user,-0.9201945824177016,-29.55501322612688,-0.3747591567851692,,,-0.1499036627140677,1.2838181995060565,-0.7702909197036338,,,,,,
42,9,user,-0.5430781534996452,-36.83453509333381,-0.3747591567851692,,,-0.1499036627140677,0.6552908179759624,-0.3931744907855775,,,,,,
42,10,uav,1.9418343139571943,54.36029825499896,-0.3747591567851692,,,,,,-0.11242774703555075,,0.0,0.0,2.9346600871324933,2.054262060992745
42,11,uav,2.259748409784008,63.69965496187595,-0.3747591567851692,,,,,,-0.11242774703555075,,0.0,0.0,3.3888230811707984,2.3721761568195587
42,12,uav,2.2413199681335834,68.6844191840834,-0.3747591567851692,,,,,,-0.11242774703555075,,0.0,0.0,3.3624967359559057,2.353747715169134
43,0,user,-0.7135407381590341,-36.5530113111987,-0.3042902656739778,,,-0.12171610626959113,0.9863743864824048,-0.5918246318894429,,,,,,
43,1,user,-0.5595683311323411,-29.736613641768756,-0.3042902656739778,,,-0.12171610626959113,0.7297537081045833,-0.43785222486274994,,,,,,
43,2,user,-1.020946576637771,-31.089681422713916,-0.3042902656739778,,,-0.12171610626959113,1.4987174506136332,-0.8992304703681798,,,,,,
43,3,user,-0.2828565265002486,-30.399562223168637,-0.3042902656739778,,,-0.12171610626959113,0.2685673670510958,-0.16114042023065747,,,,,,
43,4,user,-0.4410236365459708,-37.4291037317261,-0.3042902656739778,,,-0.12171610626959113,0.5321792171272995,-0.3193075302763797,,,,,,
43,5,user,-0.39342126339276845,-29.505008739559123,-0.3042902656739778,,,-0.12171610626959113,0.4528419285386289,-0.27170515712317733,,,,,,
43,6,user,-0.30971863171275504,-29.331581510001712,-0.3042902656739778,,,-0.12171610626959113,0.31333754240527323,-0.18800252544316393,,,,,,
43,7,user,-0.8282582194956858,-32.99393963779076,-0.3042902656739778,,,-0.12171610626959113,1.1775701887101577,-0.7065421132260946,,,,,,
43,8,user,-0.6679908407420335,-30.223004066868913,-0.3042902656739778,,,-0.12171610626959113,0.910457890787404,-0.5462747344724423,,,,,,
43,9,user,-0.6565574694153538,-37.49109256274917,-0.3042902656739778,,,-0.12171610626959113,0.8914022719096043,-0.5348413631457626,,,,,,
43,10,uav,2.0426301225667065,56.402928377565665,-0.3042902656739778,,,,,,-0.09128707970219334,,0.0,0.0,3.0484531460984283,2.1339172022688997
43,11,uav,2.284985856219328,65.98464081809527,-0.3042902656739778,,,,,,-0.09128707970219334,,0.0,0.0,3.3946756227450305,2.3762729359215213
43,12,uav,2.3967843900440076,71.0812035741274,-0.3042902656739778,,,,,,-0.09128707970219334,,0.0,0.0,3.554387813923144,2.4880714697462007
44,0,user,-0.5762187849058524,-37.12923009610456,-0.6107902503415719,,,-0.24431610013662874,0.5531711412820395,-0.3319026847692237,,,,,,
44,1,user,-0.7170096497488044,-30.45362329151756,-0.6107902503415719,,,-0.24431610013662874,0.7878225826869595,-0.4726935496121757,,,,,,
44,2,user,-0.6067171105475111,-31.696398533261426,-0.6107902503415719,,,-0.24431610013662874,0.6040016840181374,-0.3624010104108824,,,,,,
44,3,user,-0.5085778541776642,-30.9081400773463,-0.6107902503415719,,,-0.24431610013662874,0.44043625673505915,-0.26426175404103547,,,,,,
44,4,user,-0.5034340016323386,-37.93253773335844,-0.6107902503415719,,,-0.24431610013662874,0.43186316915951656,-0.2591179014957099,,,,,,
44,5,user,-0.8692461772071985,-30.374254916766322,-0.6107902503415719,,,-0.24431610013662874,1.0415501284509496,-0.6249300770705698,,,,,,
44,6,user,-0.6905205918116502,-30.022102101813363,-0.6107902503415719,,,-0.24431610013662874,0.7436741527917022,-0.44620449167502135,,,,,,
44,7,user,-0.8233538578998378,-33.8172934956906,-0.6107902503415719,,,-0.24431610013662874,0.9650629296053485,-0.5790377577632091,,,,,,
44,8,user,-0.47490281339781165,-30.697906880266725,-0.6107902503415719,,,-0.24431610013662874,0.3843111887686382,-0.2305867132611829,,,,,,
44,9,user,-3.272765310144225,-40.76385787289339,-0.6107902503415719,,,-0.24431610013662874,5.047415350012661,-3.0284492100075964,,,,,,
44,10,uav,1.8765622763834573,58.279490653949125,-0.6107902503415719,,,,,,-0.18323707510247156,,0.0,0.0,2.9425705021227557,2.0597993514859287
44,11,uav,2.1167433685117065,68.10138418660698,-0.6107902503415719,,,,,,-0.18323707510247156,,0.0,0.0,3.2856863480202545,2.299980443614178
44,12,uav,2.3646371489425144,73.44584072306992,-0.6107902503415719,,,,,,-0.18323707510247156,,0.0,0.0,3.6398203200642656,2.547874224044986
45,0,user,-0.5730631154341376,-37.702293211538695,-0.5653639398984495,,,-0.22614557595937979,0.5781958991245963,-0.3469175394747578,,,,,,
45,1,user,-0.87906263329348,-31.332685924811038,-0.5653639398984495,,,-0.22614557595937979,1.0881950955568338,-0.6529170573341002,,,,,,
45,2,user,-0.3848761561696581,-32.08127468943108,-0.5653639398984495,,,-0.22614557595937979,0.26455096701713054,-0.15873058021027833,,,,,,
45,3,user,-0.4762637281352341,-31.384403805481533,-0.5653639398984495,,,-0.22614557595937979,0.41686358695975717,-0.2501181521758543,,,,,,
45,4,user,-0.9479880151411205,-38.88052574849956,-0.5653639398984495,,,-0.22614557595937979,1.203070731969568,-0.7218424391817407,,,,,,
45,5,user,-0.7799475665639314,-31.154202483330252,-0.5653639398984495,,,-0.22614557595937979,0.9230033176742527,-0.5538019906045516,,,,,,
45,6,user,-0.5517790285382442,-30.57388113035161,-0.5653639398984495,,,-0.22614557595937979,0.5427224209647742,-0.3256334525788645,,,,,,
45,7,user,-0.8243007062420742,-34.641594201932676,-0.5653639398984495,,,-0.22614557595937979,0.996925217137824,-0.5981551302826944,,,,,,
45,8,user,-0.8701611402586663,-31.56806802052539,-0.5653639398984495,,,-0.22614557595937979,1.0733592738321442,-0.6440155642992865,,,,,,
45,9,user,-0.5725336312045635,-41.33639150409795,-0.5653639398984495,,,-0.22614557595937979,0.5773134254086396,-0.34638805524518373,,,,,,
45,10,uav,2.0317277586518157,60.311218412600944,-0.5653639398984495,,,,,,-0.16960918196953484,,0.0,0.0,3.144767058030501,2.2013369406213505
45,11,uav,2.104838953330986,70.20622313993796,-0.5653639398984495,,,,,,-0.16960918196953484,,0.0,0.0,3.2492116218578873,2.274448135300521
45,12,uav,2.3226112144620585,75.76845193753198,-0.5653639398984495,,,,,,-0.16960918196953484,,0.0,0.0,3.560314852045134,2.4922203964315934
46,0,user,-0.7773669063311766,-38.47966011786987,-0.1407514572023423,,,-0.05630058288093692,1.2017772057503995,-0.7210663234502397,,,,,,
46,1,user,-0.2780789833084551,-31.610764908119492,-0.1407514572023423,,,-0.05630058288093692,0.369630667379197,-0.22177840042751817,,,,,,
46,2,user,-0.43373138210686435,-32.51500607153795,-0.1407514572023423,,,-0.05630058288093692,0.6290513320432124,-0.3774307992259274,,,,,,
46,3,user,-0.2664786409273222,-31.650882446408854,-0.1407514572023423,,,-0.05630058288093692,0.3502967634106421,-0.21017805804638526,,,,,,
46,4,user,-1.008441311436652,-39.888967059936206,-0.1407514572023423,,,-0.05630058288093692,1.5869012142595251,-0.9521407285557151,,,,,,
46,5,user,-0.2879431179145753,-31.442145601244828,-0.1407514572023423,,,-0.05630058288093692,0.38607089172273057,-0.23164253503363832,,,,,,
46,6,user,-0.28378499661318807,-30.857666126964798,-0.1407514572023423,,,-0.05630058288093692,0.3791406895537519,-0.22748441373225115,,,,,,
46,7,user,-0.3372795208525376,-34.97887372278522,-0.1407514572023423,,,-0.05630058288093692,0.46829822995266784,-0.2809789379716007,,,,,,
46,8,user,-0.5040934562419312,-32.07216147676732,-0.1407514572023423,,,-0.05630058288093692,0.7463214556016573,-0.4477928733609944,,,,,,
46,9,user,-0.2591172635313085,-41.59550876762926,-0.1407514572023423,,,-0.05630058288093692,0.3380278010839526,-0.20281668065037153,,,,,,
46,10,uav,2.103726344737177,62.41494475733812,-0.1407514572023423,,,,,,-0.04222543716070269,,0.0,0.0,3.0656454027112567,2.1459517818978795
46,11,uav,2.238201503298352,72.44442464323632,-0.1407514572023423,,,,,,-0.04222543716070269,,0.0,0.0,3.257752772084364,2.2804269404590545
46,12,uav,2.4742044929602653,78.24265643049225,-0.1407514572023423,,,,,,-0.04222543716070269,,0.0,0.0,3.5948999001728117,2.516429930120968
47,0,user,-0.8030580398663418,-39.28271815773621,-1.024795416821095,,,-0.40991816672843806,0.6552331218965063,-0.3931398731379038,,,,,,
47,1,user,-0.759230809449587,-32.36999571756908,-1.024795416821095,,,-0.40991816672843806,0.5821877378685816,-0.3493126427211489,,,,,,
47,2,user,-0.9402605567815885,-33.455266628319535,-1.024795416821095,,,-0.40991816672843806,0.8839039834219173,-0.5303423900531504,,,,,,
47,3,user,-1.8009194066728025,-33.451801853081655,-1.024795416821095,,,-0.40991816672843806,2.318335399907274,-1.3910012399443645,,,,,,
47,4,user,-0.7697408897453137,-40.65870794968152,-1.024795416821095,,,-0.40991816672843806,0.5997045383614594,-0.3598227230168756,,,,,,
47,5,user,-1.1063673299101078,-32.54851293115494,-1.024795416821095,,,-0.40991816672843806,1.1607486053027831,-0.6964491631816698,,,,,,
47,6,user,-0.8486962297810574,-31.706362356745856,-1.024795416821095,,,-0.40991816672843806,0.7312967717543656,-0.43877806305261935,,,,,,
47,7,user,-1.1722123620768972,-36.151086084862115,-1.024795416821095,,,-0.40991816672843806,1.2704903255807651,-0.7622941953484591,,,,,,
47,8,user,-1.141648594706191,-33.21381007147351,-1.024795416821095,,,-0.40991816672843806,1.2195507132962546,-0.7317304279777528,,,,,,
47,9,user,-1.0172437758564055,-42.61275254348567,-1.024795416821095,,,-0.40991816672843806,1.0122093485466126,-0.6073256091279675,,,,,,
47,10,uav,1.9999672182464001,64.41491197558452,-1.024795416821095,,,,,,-0.3074386250463285,,0.0,0.0,3.2962940618467558,2.3074058432927287
47,11,uav,2.0410417653519533,74.48546640858827,-1.024795416821095,,,,,,-0.3074386250463285,,0.0,0.0,3.35497198628326,2.3484803903982816
47,12,uav,2.122457379391863,80.36511380988411,-1.024795416821095,,,,,,-0.3074386250463285,,0.0,0.0,3.471280006340274,2.4298960044381914
48,0,user,-0.6848295734493473,-39.96754773118556,-0.3189762643256348,,,-0.12759050573025393,0.9287317795318221,-0.5572390677190933,,,,,,
48,1,user,-0.44767258951477795,-32.81766830708386,-0.3189762643256348,,,-0.12759050573025393,0.5334701396408734,-0.320082083784524,,,,,,
48,2,user,-0.623150330572229,-34.078416958891765,-0.3189762643256348,,,-0.12759050573025393,0.8259330414032918,-0.4955598248419751,,,,,,
48,3,user,-0.34984713128865086,-33.8016489843703,-0.3189762643256348,,,-0.12759050573025393,0.37042770926399493,-0.22225662555839695,,,,,,
48,4,user,-0.3058673326039705,-40.964575282285494,-0.3189762643256348,,,-0.12759050573025393,0.29712804478952765,-0.17827682687371657,,,,,,
48,5,user,-0.5022511556738629,-33.0507640868288,-0.3189762643256348,,,-0.12759050573025393,0.6244344165726817,-0.37466064994360904,,,,,,
48,6,user,-0.58060237005026,-32.286964726796114,-0.3189762643256348,,,-0.12759050573025393,0.755019773866677,-0.4530118643200062,,,,,,
48,7,user,-0.49359989528475967,-36.644685980146875,-0.3189762643256348,,,-0.12759050573025393,0.6100156492575096,-0.36600938955450574,,,,,,
48,8,user,-0.3086623304879136,-33.52247240196142,-0.3189762643256348,,,-0.12759050573025393,0.3017863745960994,-0.18107182475765965,,,,,,
48,9,user,-1.0758743220138207,-43.68862686549949,-0.3189762643256348,,,-0.12759050573025393,1.580473027139278,-0.9482838162835667,,,,,,
48,10,uav,2.1440110514608652,66.55892302704538,-0.3189762643256348,,,,,,-0.09569287929769044,,0.0,0.0,3.199577043940794,2.2397039307585556
48,11,uav,2.1017866393652413,76.58725304795351,-0.3189762643256348,,,,,,-0.09569287929769044,,0.0,0.0,3.13925645523276,2.1974795186629317
48,12,uav,2.404287339252618,82.76940114913673,-0.3189762643256348,,,,,,-0.09569287929769044,,0.0,0.0,3.571400312214726,2.4999802185503084
49,0,user,-0.39278963504554965,-40.360337366231114,-0.14217291858298003,,,-0.056869167433192015,0.559867446020596,-0.3359204676123576,,,,,,
49,1,user,-0.29955609252696463,-33.117224399610826,-0.14217291858298003,,,-0.056869167433192015,0.404478208489621,-0.2426869250937726,,,,,,
49,2,user,-0.4427422105075103,-34.521159169399276,-0.14217291858298003,,,-0.056869167433192015,0.6431217384571971,-0.38587304307431824,,,,,,
49,3,user,-0.40282072865863694,-34.20446971302894,-0.14217291858298003,,,-0.056869167433192015,0.5765859353757415,-0.3459515612254449,,,,,,
49,4,user,-0.3038178194560406,-41.26839310174154,-0.14217291858298003,,,-0.056869167433192015,0.4115810867047476,-0.24694865202284855,,,,,,
49,5,user,-0.9471928830244408,-33.99795696985324,-0.14217291858298003,,,-0.056869167433192015,1.483872859318748,-0.8903237155912488,,,,,,
49,6,user,-0.1880342999595278,-32.47499902675564,-0.14217291858298003,,,-0.056869167433192015,0.21860855421055966,-0.1311651325263358,,,,,,
49,7,user,-0.6303102579783496,-37.274996238125226,-0.14217291858298003,,,-0.056869167433192015,0.955735150908596,-0.5734410905451576,,,,,,
49,8,user,-0.3624063200409907,-33.88487872200241,-0.14217291858298003,,,-0.056869167433192015,0.5092285876796645,-0.3055371526077987,,,,,,
49,9,user,-0.2804543414510511,-43.969081206950534,-0.14217291858298003,,,-0.056869167433192015,0.37264195669643174,-0.22358517401785905,,,,,,
49,10,uav,2.1909920674069827,68.74991509445236,-0.14217291858298003,,,,,,-0.042651875574894006,,0.0,0.0,3.1909199185455384,2.233643942981877
49,11,uav,2.37622516647534,78.96347821442885,-0.14217291858298003,,,,,,-0.042651875574894006,,0.0,0.0,3.4555386315003345,2.418877042050234
49,12,uav,2.3819681113601954,85.15136926049692,-0.14217291858298003,,,,,,-0.042651875574894006,,0.0,0.0,3.4637428384786992,2.4246199869350895
50,0,user,-0.32853757450507215,-40.688874940736184,-0.07242753994954593,,,-0.02897101597981837,0.4992775975420896,-0.29956655852525377,,,,,,
50,1,user,-0.8713512036174081,-33.988575603228234,-0.07242753994954593,,,-0.02897101597981837,1.403966979395983,-0.8423801876375898,,,,,,
50,2,user,-0.4367977325547439,-34.95795690195402,-0.07242753994954593,,,-0.02897101597981837,0.6797111942915426,-0.40782671657492553,,,,,,
50,3,user,-0.45865833170067044,-34.66312804472961,-0.07242753994954593,,,-0.02897101597981837,0.7161455262014201,-0.42968731572085206,,,,,,
50,4,user,-0.29048892306568513,-41.558882024807225,-0.07242753994954593,,,-0.02897101597981837,0.43586317847644457,-0.26151790708586675,,,,,,
50,5,user,-0.41364308321759,-34.411600053070835,-0.07242753994954593,,,-0.02897101597981837,0.6411201120629527,-0.38467206723777164,,,,,,
50,6,user,-0.5430908813971913,-33.01808990815283,-0.07242753994954593,,,-0.02897101597981837,0.8568664423622883,-0.514119865417373,,,,,,
50,7,user,-0.07130604537773996,-37.346302283502965,-0.07242753994954593,,,-0.02897101597981837,0.07055838232986932,-0.04233502939792159,,,,,,
50,8,user,-0.2700338260602458,-34.15491254806266,-0.07242753994954593,,,-0.02897101597981837,0.40177135013404575,-0.24106281008042743,,,,,,
50,9,user,-0.3822256353861096,-44.35130684233664,-0.07242753994954593,,,-0.02897101597981837,0.5887576990104854,-0.3532546194062912,,,,,,
50,10,uav,2.1783022678908983,70.92821736234326,-0.07242753994954593,,,,,,-0.021728261984863776,,0.0,0.16153986783739996,3.142900756965375,2.2000305298757623
50,11,uav,2.1974315699037215,81.16090978433257,-0.07242753994954593,,,,,,-0.021728261984863776,,0.0,0.0,3.170228331269408,2.2191598318885855
50,12,uav,2.3377772289191814,87.4891464894161,-0.07242753994954593,,,,,,-0.021728261984863776,,0.0,0.16153986783739996,3.3707221298629224,2.3595054909040454
51,0,user,-0.710017775248541,-41.39889271598472,-0.35437109264496,,,-0.14174843705798398,0.9471155636509284,-0.568269338190557,,,,,,
51,1,user,-0.5457553642892612,-34.5343309675175,-0.35437109264496,,,-0.14174843705798398,0.6733448787187954,-0.40400692723127724,,,,,,
51,2,user,-0.5786016478237657,-35.53655854977779,-0.35437109264496,,,-0.14174843705798398,0.7280886846096362,-0.4368532107657817,,,,,,
51,3,user,-0.6118884825598362,-35.275016527289445,-0.35437109264496,,,-0.14174843705798398,0.7835667425030871,-0.47014004550185223,,,,,,
51,4,user,-0.7446401699208868,-42.30352219472811,-0.35437109264496,,,-0.14174843705798398,1.0048195547715046,-0.6028917328629028,,,,,,
51,5,user,-0.6401182173757605,-35.05171827044659,-0.35437109264496,,,-0.14174843705798398,0.8306163005296275,-0.4983697803177765,,,,,,
51,6,user,-1.0098570048867523,-34.027946913039585,-0.35437109264496,,,-0.14174843705798398,1.4468476130479473,-0.8681085678287683,,,,,,
51,7,user,-0.8943392980311949,-38.24064158153416,-0.35437109264496,,,-0.14174843705798398,1.2543181016220182,-0.7525908609732109,,,,,,
51,8,user,-0.7485995435019553,-34.903512091564615,-0.35437109264496,,,-0.14174843705798398,1.0114185107399523,-0.6068511064439713,,,,,,
51,9,user,-0.4347582935247426,-44.786065135861385,-0.35437109264496,,,-0.14174843705798398,0.48834976077793096,-0.2930098564667586,,,,,,
51,10,uav,2.120627465380715,73.04884482772398,-0.35437109264496,,,,,,-0.106311327793488,,0.0,0.12439816730398139,3.181341133106005,2.2269387931742033
51,11,uav,2.1875784240339713,83.34848820836655,-0.35437109264496,,,,,,-0.106311327793488,,0.0,0.0,3.276985359753514,2.2938897518274595
51,12,uav,2.2250761956331058,89.71422268504921,-0.35437109264496,,,,,,-0.106311327793488,,0.0,0.12439816730398139,3.3305536048951345,2.331387523426594
52,0,user,-0.17536435546151175,-41.57425707144623,-0.06162902157549127,,,-0.02465160863019651,0.25118791138552543,-0.15071274683131525,,,,,,
52,1,user,-0.31805808845367206,-34.85238905597117,-0.06162902157549127,,,-0.02465160863019651,0.4890107997057926,-0.29340647982347556,,,,,,
52,2,user,-0.2723385884236878,-35.80889713820147,-0.06162902157549127,,,-0.02465160863019651,0.4128116329891522,-0.2476869797934913,,,,,,
52,3,user,-0.798453156498214,-36.07346968378766,-0.06162902157549127,,,-0.02465160863019651,1.289669246446696,-0.7738015478680175,,,,,,
52,4,user,-0.22969290883438298,-42.53321510356249,-0.06162902157549127,,,-0.02465160863019651,0.34173550034031075,-0.20504130020418646,,,,,,
52,5,user,-0.41056406924372546,-35.46228233969032,-0.06162902157549127,,,-0.02465160863019651,0.6431874343558817,-0.38591246061352896,,,,,,
52,6,user,-0.42772096907689333,-34.45566788211648,-0.06162902157549127,,,-0.02465160863019651,0.6717822674111614,-0.40306936044669683,,,,,,
52,7,user,-0.23996623036768872,-38.480607811901855,-0.06162902157549127,,,-0.02465160863019651,0.3588577028958203,-0.2153146217374922,,,,,,
52,8,user,-0.09029390296984044,-34.993805994534455,-0.06162902157549127,,,-0.02465160863019651,0.10940382389940655,-0.06564229433964393,,,,,,
52,9,user,-0.5070755831459733,-45.29314071900736,-0.06162902157549127,,,-0.02465160863019651,0.8040399575262948,-0.48242397451577684,,,,,,
52,10,uav,2.0425791610840967,75.09142398880807,-0.06162902157549127,,,,,,-0.01848870647264738,,0.0,0.374310318989867,2.944382667938206,2.061067867556744
52,11,uav,2.294975145133121,85.64346335349967,-0.06162902157549127,,,,,,-0.01848870647264738,,0.0,0.0,3.3049483594368128,2.3134638516057686
52,12,uav,2.198570882057769,91.91279356710697,-0.06162902157549127,,,,,,-0.01848870647264738,,0.0,0.374310318989867,3.1672279836148816,2.2170595885304167
53,0,user,-0.26356550969185716,-41.83782258113809,0.06195133143272455,,,0.02478053257308982,0.480576737108245,-0.288346042264947,,,,,,
53,1,user,-0.5891030856581176,-35.44149214162929,0.06195133143272455,,,0.02478053257308982,1.023139363718679,-0.6138836182312074,,,,,,
53,2,user,-0.4657988855795579,-36.27469602378103,0.06195133143272455,,,0.02478053257308982,0.8176323635877463,-0.4905794181526477,,,,,,
53,3,user,-0.33432831649010963,-36.407798000277765,0.06195133143272455,,,0.02478053257308982,0.5985147484386658,-0.35910884906319945,,,,,,
53,4,user,-0.3717764990628904,-42.90499160262538,0.06195133143272455,,,0.02478053257308982,0.6609283860599671,-0.3965570316359802,,,,,,
53,5,user,-0.4139256476918328,-35.87620798738215,0.06195133143272455,,,0.02478053257308982,0.7311769671082045,-0.43870618026492264,,,,,,
53,6,user,-0.20861737223125243,-34.66428525434773,0.06195133143272455,,,0.02478053257308982,0.3889965080072371,-0.23339790480434225,,,,,,
53,7,user,-0.18083097921520294,-38.66143879111706,0.06195133143272455,,,0.02478053257308982,0.3426858529804879,-0.20561151178829276,,,,,,
53,8,user,-0.3785656957111082,-35.372371690245565,0.06195133143272455,,,0.02478053257308982,0.6722437138069968,-0.403346228284198,,,,,,
53,9,user,-0.4864729279643943,-45.779613646971754,0.06195133143272455,,,0.02478053257308982,0.8520891008958069,-0.5112534605374841,,,,,,
53,10,uav,2.2413105758851826,77.33273456469325,0.06195133143272455,,,,,,0.018585399429817365,,0.0,0.04323039539436326,3.1753216806505216,2.222725176455365
53,11,uav,1.813449531407284,87.45691288490696,0.06195133143272455,,,,,,0.018585399429817365,,0.0,0.8631414022418422,2.564091617110667,1.7948641319774667
53,12,uav,1.7790882337789433,93.69188180088592,0.06195133143272455,,,,,,0.018585399429817365,,0.0,0.9063717976362055,2.51500404907018,1.760502834349126
54,0,user,-0.8350567035956514,-42.672879284733746,-0.3502751916060339,,,-0.14011007664241357,1.1582443782553964,-0.6949466269532378,,,,,,
54,1,user,-0.9417035517066369,-36.38319569333593,-0.3502751916060339,,,-0.14011007664241357,1.3359891251070388,-0.8015934750642233,,,,,,
54,2,user,-0.6127986808612702,-36.8874947046423,-0.3502751916060339,,,-0.14011007664241357,0.7878143403647611,-0.4726886042188566,,,,,,
54,3,user,-0.6385260737298032,-37.046324074007565,-0.3502751916060339,,,-0.14011007664241357,0.8306933284789828,-0.49841599708738965,,,,,,
54,4,user,-0.7764171464704213,-43.6814087490958,-0.3502751916060339,,,-0.14011007664241357,1.0605117830466795,-0.6363070698280077,,,,,,
54,5,user,-0.3541586482106055,-36.23036663559276,-0.3502751916060339,,,-0.14011007664241357,0.3567476192803199,-0.21404857156819193,,,,,,
54,6,user,-0.3156959115427759,-34.97998116589051,-0.3502751916060339,,,-0.14011007664241357,0.2926430581672705,-0.17558583490036228,,,,,,
54,7,user,-0.6761162796833761,-39.337555070800434,-0.3502751916060339,,,-0.14011007664241357,0.8933436717349376,-0.5360062030409625,,,,,,
54,8,user,-0.31868106112643824,-35.691052751372006,-0.3502751916060339,,,-0.14011007664241357,0.2976183074733744,-0.17857098448402464,,,,,,
54,9,user,-0.47993256390466965,-46.25954621087642,-0.3502751916060339,,,-0.14011007664241357,0.5663708121037602,-0.3398224872622561,,,,,,
54,10,uav,2.3664004975841255,79.69913506227738,-0.3502751916060339,,,,,,-0.10508255748181015,,0.0,0.0,3.5306900786656223,2.4714830550659355
54,11,uav,1.5801285326691619,89.03704141757612,-0.3502751916060339,,,,,,-0.10508255748181015,,0.0,0.811609415316032,2.4074444145013887,1.685211090150972
54,12,uav,1.6575835856152252,95.34946538650115,-0.3502751916060339,,,,,,-0.10508255748181015,,0.0,0.811609415316032,2.518094490138622,1.7626661430970354
55,0,user,-0.6920465623178167,-43.364925847051566,-0.84564439898855,,,-0.33825775959542004,0.5896480045373278,-0.35378880272239666,,,,,,
55,1,user,-1.210654143471372,-37.5938498368073,-0.84564439898855,,,-0.33825775959542004,1.4539939731265867,-0.872396383875952,,,,,,
55,2,user,-0.7283193005849189,-37.61581400522722,-0.84564439898855,,,-0.33825775959542004,0.6501025683158315,-0.39006154098949886,,,,,,
55,3,user,-0.49250534715222627,-37.53882942115979,-0.84564439898855,,,-0.33825775959542004,0.2570793125946771,-0.15424758755680626,,,,,,
55,4,user,-1.2518318122882452,-44.933240561384046,-0.84564439898855,,,-0.33825775959542004,1.5226234211547085,-0.9135740526928251,,,,,,
55,5,user,-0.7317056739016025,-36.96207230949436,-0.84564439898855,,,-0.33825775959542004,0.6557465238436374,-0.3934479143061824,,,,,,
55,6,user,-1.181103614246967,-36.16108478013747,-0.84564439898855,,,-0.33825775959542004,1.4047430910859118,-0.842845854651547,,,,,,
55,7,user,-1.142637777582995,-40.48019284838343,-0.84564439898855,,,-0.33825775959542004,1.340633363312625,-0.804380017987575,,,,,,
55,8,user,-0.6738568446942956,-36.3649095960663,-0.84564439898855,,,-0.33825775959542004,0.559331808498126,-0.3355990850988756,,,,,,
55,9,user,-0.7304378210652327,-46.98998403194165,-0.84564439898855,,,-0.33825775959542004,0.653633435783021,-0.3921800614698126,,,,,,
55,10,uav,2.0092101383469516,81.70834520062434,-0.84564439898855,,,,,,-0.253693319696565,,0.0,0.0,3.2327192257764525,2.2629034580435166
55,11,uav,1.8187733438054274,90.85581476138155,-0.84564439898855,,,,,,-0.253693319696565,,0.0,0.23213470168068823,2.960666662145704,2.0724666635019924
55,12,uav,2.0557862986706525,97.4052516851718,-0.84564439898855,,,,,,-0.253693319696565,,0.0,0.23213470168068823,3.299256597667454,2.3094796183672175
56,0,user,-0.43323214755913314,-43.7981579946107,-0.26067239812674825,,,-0.1042689592506993,0.5482719805140565,-0.32896318830843385,,,,,,
56,1,user,-0.7487224002119672,-38.34257223701927,-0.26067239812674825,,,-0.1042689592506993,1.0740890682687798,-0.6444534409612679,,,,,,
56,2,user,-0.5187977745232705,-38.13461177975049,-0.26067239812674825,,,-0.1042689592506993,0.6908813587876186,-0.4145288152725711,,,,,,
56,3,user,-0.23013438385986845,-37.76896380501966,-0.26067239812674825,,,-0.1042689592506993,0.20977570768194861,-0.12586542460916916,,,,,,
56,4,user,-0.9474505632847752,-45.88069112466882,-0.26067239812674825,,,-0.1042689592506993,1.4053026733901264,-0.8431816040340758,,,,,,
56,5,user,-0.3520311082641598,-37.31410341775852,-0.26067239812674825,,,-0.1042689592506993,0.4129369150224341,-0.24776214901346047,,,,,,
56,6,user,-0.4114798126658457,-36.57256459280332,-0.26067239812674825,,,-0.1042689592506993,0.512018089025244,-0.3072108534151464,,,,,,
56,7,user,-0.46623797251917315,-40.946430820902606,-0.26067239812674825,,,-0.1042689592506993,0.6032816887807898,-0.36196901326847386,,,,,,
56,8,user,-0.3669553945431188,-36.73186499060942,-0.26067239812674825,,,-0.1042689592506993,0.4378107254873659,-0.26268643529241953,,,,,,
56,9,user,-0.39649192783024356,-47.38647595977189,-0.26067239812674825,,,-0.1042689592506993,0.4870382809659072,-0.2922229685795443,,,,,,
56,10,uav,2.1878112392049305,83.89615643982927,-0.26067239812674825,,,,,,-0.07820171943802447,,0.0,0.0,3.237161369489936,2.266012958642955
56,11,uav,2.133109970895714,92.98892473227727,-0.26067239812674825,,,,,,-0.07820171943802447,,0.0,0.0,3.15901670047677,2.211311690333739
56,12,uav,2.390877054748374,99.79612873992018,-0.26067239812674825,,,,,,-0.07820171943802447,,0.0,0.0,3.5272553916948555,2.4690787741863987
57,0,user,-0.8839265628699622,-44.68208455748066,-0.1225227600411981,,,-0.04900910401647924,1.3915290980891382,-0.8349174588534829,,,,,,
57,1,user,-0.613292822828265,-38.95586505984753,-0.1225227600411981,,,-0.04900910401647924,0.9404728646863096,-0.5642837188117857,,,,,,
57,2,user,-0.4738584235649973,-38.60847020331549,-0.1225227600411981,,,-0.04900910401647924,0.7080821992475301,-0.42484931954851807,,,,,,
57,3,user,-0.4802016197822568,-38.249165424801916,-0.1225227600411981,,,-0.04900910401647924,0.7186541929429626,-0.43119251576577755,,,,,,
57,4,user,-0.268340541527734,-46.14903166619656,-0.1225227600411981,,,-0.04900910401647924,0.3655523958520913,-0.21933143751125478,,,,,,
57,5,user,-0.6027485695119211,-37.91685198727044,-0.1225227600411981,,,-0.04900910401647924,0.9228991091590698,-0.5537394654954418,,,,,,
57,6,user,-0.30246245346570644,-36.875027046269025,-0.1225227600411981,,,-0.04900910401647924,0.4224222490820454,-0.2534533494492272,,,,,,
57,7,user,-0.4052391772168855,-41.35166999811949,-0.1225227600411981,,,-0.04900910401647924,0.5937167886673438,-0.3562300732004063,,,,,,
57,8,user,-0.3569172962065821,-37.088782286816,-0.1225227600411981,,,-0.04900910401647924,0.5131803203168381,-0.30790819219010285,,,,,,
57,9,user,-0.4881463768984645,-47.874622336670356,-0.1225227600411981,,,-0.04900910401647924,0.7318954548033089,-0.4391372728819853,,,,,,
57,10,uav,2.2212740108384983,86.11743045066777,-0.1225227600411981,,,,,,-0.036756828012359424,,0.0,0.01405771375807845,3.2257583412155117,2.258030838850858
57,11,uav,2.2453363148842684,95.23426104716154,-0.1225227600411981,,,,,,-0.036756828012359424,,0.0,0.0,3.2601330612808974,2.282093142896628
57,12,uav,2.4268044636294595,102.22293320354964,-0.1225227600411981,,,,,,-0.036756828012359424,,0.0,0.01405771375807845,3.5193732737740273,2.463561291641819
58,0,user,-1.2993748492137507,-45.981459406694405,-0.5556704540776308,,,-0.22226818163105233,1.7951777793044972,-1.0771066675826984,,,,,,
58,1,user,-0.586052254941179,-39.54191731478871,-0.5556704540776308,,,-0.22226818163105233,0.606306788850211,-0.36378407331012663,,,,,,
58,2,user,-0.6150014707946836,-39.22347167411017,-0.5556704540776308,,,-0.22226818163105233,0.6545554819393854,-0.3927332891636312,,,,,,
58,3,user,-0.4826938315216692,-38.73185925632359,-0.5556704540776308,,,-0.22226818163105233,0.4340427498176948,-0.2604256498906169,,,,,,
58,4,user,-0.965823699788766,-47.11485536598532,-0.5556704540776308,,,-0.22226818163105233,1.2392591969295228,-0.7435555181577137,,,,,,
58,5,user,-0.828545000647671,-38.74539698791811,-0.5556704540776308,,,-0.22226818163105233,1.010461365027698,-0.6062768190166187,,,,,,
58,6,user,-0.37633357007368107,-37.25136061634271,-0.5556704540776308,,,-0.22226818163105233,0.2567756474043812,-0.1540653884426287,,,,,,
58,7,user,-0.9840263682716964,-42.33569636639119,-0.5556704540776308,,,-0.22226818163105233,1.269596977734407,-0.7617581866406441,,,,,,
58,8,user,-0.6340768679443756,-37.72285915476037,-0.5556704540776308,,,-0.22226818163105233,0.6863478105222054,-0.41180868631332324,,,,,,
58,9,user,-0.5045863042660048,-48.37920864093636,-0.5556704540776308,,,-0.22226818163105233,0.4705302043915875,-0.2823181226349525,,,,,,
58,10,uav,2.1722152418797567,88.28964569254752,-0.5556704540776308,,,,,,-0.16670113622328925,,0.0,0.0,3.34130911157578,2.338916378103046
58,11,uav,2.1779432799070477,97.4122043270686,-0.5556704540776308,,,,,,-0.16670113622328925,,0.0,0.0,3.349492023043339,2.344644416130337
58,12,uav,2.153501239906218,104.37643444345586,-0.5556704540776308,,,,,,-0.16670113622328925,,0.0,0.0,3.3145748230421535,2.320202376129507
59,0,user,-0.6159933153152263,-46.597452722009635,-0.8444072856766656,,,-0.33776291427066624,0.4637173350742667,-0.27823040104456004,,,,,,
59,1,user,-0.6570644080636168,-40.19898172285233,-0.8444072856766656,,,-0.33776291427066624,0.5321691563215841,-0.3193014937929505,,,,,,
59,2,user,-0.9708575043575907,-40.19432917846776,-0.8444072856766656,,,-0.33776291427066624,1.055157650144874,-0.6330945900869244,,,,,,
59,3,user,-1.8403703700934546,-40.57222962641704,-0.8444072856766656,,,-0.33776291427066624,2.5043457597046475,-1.5026074558227884,,,,,,
59,4,user,-1.0145241560883813,-48.129379522073705,-0.8444072856766656,,,-0.33776291427066624,1.127935403029525,-0.676761241817715,,,,,,
59,5,user,-0.6544853774460917,-39.399882365364206,-0.8444072856766656,,,-0.33776291427066624,0.5278707719590424,-0.31672246317542546,,,,,,
59,6,user,-0.7839611855174415,-38.03532180186015,-0.8444072856766656,,,-0.33776291427066624,0.7436637854112923,-0.44619827124677536,,,,,,
59,7,user,-0.9320965874829883,-43.26779295387418,-0.8444072856766656,,,-0.33776291427066624,0.9905561220205368,-0.594333673212322,,,,,,
59,8,user,-1.103699507938428,-38.8265586626988,-0.8444072856766656,,,-0.33776291427066624,1.2765609894462697,-0.7659365936677618,,,,,,
59,9,user,-0.7585256616066308,-49.137734302542995,-0.8444072856766656,,,-0.33776291427066624,0.701271245559941,-0.4207627473359646,,,,,,
59,10,uav,2.272000821825731,90.56164651437325,-0.8444072856766656,,,,,,-0.25332218570299964,,0.0,0.0,3.607604296469615,2.5253230075287303
59,11,uav,1.904535952312829,99.31674027938142,-0.8444072856766656,,,,,,-0.25332218570299964,,0.0,0.0,3.082654482879755,2.1578581380158286
59,12,uav,2.143117521189392,106.51955196464526,-0.8444072856766656,,,,,,-0.25332218570299964,,0.0,0.0,3.4234852955605595,2.3964397068923913
